0	0	0	0	0	0	0	0	0	0	0	0	0	0	0	0	0	0	0	0	0	0	0	0	0	0	0	0	0	0	0	0	0	0	0	0	0	0	0	0	0	0	0	0	0	0	0	0	0	0	0	0	0	0	0	0	0	0	6980	25690	0	0	0	0	0	0	0	0	0	0	0	0	0	0	0	0	0	0	0	0	0	0	0	0	0	0	0	0	0	0	0	0	0	0	0	0	0	0	0	0	0	0	0	0	0	0	0	0	0	0	0	0	0	0	0	0	0	0	0	0	0	0	0	0	0	0	0	0	0	
0	0	0	0	0	0	0	0	0	0	0	0	0	0	0	0	0	0	0	0	0	0	0	0	0	0	0	0	0	0	0	0	0	0	0	0	0	0	0	0	0	0	0	0	0	0	0	0	0	0	0	0	0	0	0	0	0	0	7739	18148	57	0	0	0	0	0	0	0	0	0	0	0	0	0	0	0	0	0	0	0	0	0	0	0	0	0	0	0	0	0	0	0	0	0	0	0	0	0	0	0	0	0	0	0	0	0	0	0	0	0	0	0	0	0	0	0	0	0	0	0	0	0	0	0	0	0	0	0	0	
0	0	0	0	0	0	0	0	0	0	0	0	0	0	0	0	0	0	0	0	0	0	0	0	0	0	0	0	0	0	0	0	0	0	0	0	0	0	0	0	0	0	0	0	0	0	0	0	0	0	0	0	0	0	0	0	0	0	11255	22889	611	0	0	0	0	0	0	0	0	0	0	0	0	0	0	0	0	0	0	0	0	0	0	0	0	0	0	0	0	0	0	0	0	0	0	0	0	0	0	0	0	0	0	0	0	0	0	0	0	0	0	0	0	0	0	0	0	0	0	0	0	0	0	0	0	0	0	0	0	
0	0	0	0	0	0	0	0	0	0	0	0	0	0	0	0	0	0	0	0	0	0	0	0	0	0	0	0	0	0	0	0	0	0	0	0	0	0	0	0	0	0	0	0	0	0	0	0	0	0	0	0	0	0	0	0	0	25	17699	31978	2930	0	0	0	0	0	0	0	0	0	0	0	0	0	0	0	0	0	0	0	0	0	0	0	0	0	0	0	0	0	0	0	0	0	0	0	0	0	0	0	0	0	0	0	0	0	0	0	0	0	0	0	0	0	0	0	0	0	0	0	0	0	0	0	0	0	0	0	0	
0	0	0	0	0	0	0	0	0	0	0	0	0	0	0	0	0	0	0	0	0	0	0	0	0	0	0	0	0	0	0	0	0	0	0	0	0	0	0	0	0	0	0	0	0	0	0	0	0	0	0	0	0	0	0	0	0	555	32381	45013	9674	102	0	0	0	0	0	0	0	0	0	0	0	0	0	0	0	0	0	0	0	0	0	0	0	0	0	0	0	0	0	0	0	0	0	0	0	0	0	0	0	0	0	0	0	0	0	0	0	0	0	0	0	0	0	0	0	0	0	0	0	0	0	0	0	0	0	0	0	
0	0	0	0	0	0	0	0	0	0	0	0	0	0	0	0	0	0	0	0	0	0	0	0	0	0	0	0	0	0	0	0	0	0	0	0	0	0	0	0	0	0	0	0	0	0	0	0	0	0	0	0	0	0	0	0	20	3150	54396	70526	21972	1282	0	0	0	0	0	0	0	0	0	0	0	0	0	0	0	0	0	0	0	0	0	0	0	0	0	0	0	0	0	0	0	0	0	0	0	0	0	0	0	0	0	0	0	0	0	0	0	0	0	0	0	0	0	0	0	0	0	0	0	0	0	0	0	0	0	0	0	
0	0	0	0	0	0	0	0	0	0	0	0	0	0	0	0	0	0	0	0	0	0	0	0	0	0	0	0	0	0	0	0	0	0	0	0	0	0	0	0	0	0	0	0	0	0	0	0	0	0	0	0	0	0	0	0	79	12246	87568	108158	44621	5916	249	0	0	0	0	0	0	0	0	0	0	0	0	0	0	0	0	0	0	0	0	0	0	0	0	0	0	0	0	0	0	0	0	0	0	0	0	0	0	0	0	0	0	0	0	0	0	0	0	0	0	0	0	0	0	0	0	0	0	0	0	0	0	0	0	0	0	
0	0	0	0	0	0	0	0	0	0	0	0	0	0	0	0	0	0	0	0	0	0	0	0	0	0	0	0	0	0	0	0	0	0	0	0	0	0	0	0	0	0	0	0	0	0	0	0	0	0	0	0	0	0	0	5	759	36381	136626	154337	82873	13785	2177	12	0	0	0	0	0	0	0	0	0	0	0	0	0	0	0	0	0	0	0	0	0	0	0	0	0	0	0	0	0	0	0	0	0	0	0	0	0	0	0	0	0	0	0	0	0	0	0	0	0	0	0	0	0	0	0	0	0	0	0	0	0	0	0	0	0	
0	0	0	0	0	0	0	0	0	0	0	0	0	0	0	0	0	0	0	0	0	0	0	0	0	0	0	0	0	0	0	0	0	0	0	0	0	0	0	0	0	0	0	0	0	0	0	0	0	0	0	0	0	0	0	110	4326	87212	212769	205194	133910	34537	6232	431	0	0	0	0	0	0	0	0	0	0	0	0	0	0	0	0	0	0	0	0	0	0	0	0	0	0	0	0	0	0	0	0	0	0	0	0	0	0	0	0	0	0	0	0	0	0	0	0	0	0	0	0	0	0	0	0	0	0	0	0	0	0	0	0	0	
0	0	0	0	0	0	0	0	0	0	0	0	0	0	0	0	0	0	0	0	0	0	0	0	0	0	0	0	0	0	0	0	0	0	0	0	0	0	0	0	0	0	0	0	0	0	0	0	0	0	0	0	0	0	28	518	22658	161031	308744	278383	203488	75506	14920	2983	61	0	0	0	0	0	0	0	0	0	0	0	0	0	0	0	0	0	0	0	0	0	0	0	0	0	0	0	0	0	0	0	0	0	0	0	0	0	0	0	0	0	0	0	0	0	0	0	0	0	0	0	0	0	0	0	0	0	0	0	0	0	0	0	0	
0	0	0	0	0	0	0	0	0	0	0	0	0	0	0	0	0	0	0	0	0	0	0	0	0	0	0	0	0	0	0	0	0	0	0	0	0	0	0	0	0	0	0	0	0	0	0	0	0	0	0	0	0	0	171	1286	71278	254097	438813	374006	292431	143917	32053	9218	1238	0	0	0	0	0	0	0	0	0	0	0	0	0	0	0	0	0	0	0	0	0	0	0	0	0	0	0	0	0	0	0	0	0	0	0	0	0	0	0	0	0	0	0	0	0	0	0	0	0	0	0	0	0	0	0	0	0	0	0	0	0	0	0	0	
0	0	0	0	0	0	0	0	0	0	0	0	0	0	0	0	0	0	0	0	0	0	0	0	0	0	0	0	0	0	0	0	0	0	0	0	0	0	0	0	0	0	0	0	0	0	0	0	0	0	0	0	0	59	495	5176	153786	384835	618696	509731	385368	252007	69753	20447	6378	683	0	0	0	0	0	0	0	0	0	0	0	0	0	0	0	0	0	0	0	0	0	0	0	0	0	0	0	0	0	0	0	0	0	0	0	0	0	0	0	0	0	0	0	0	0	0	0	0	0	0	0	0	0	0	0	0	0	0	0	0	0	0	0	
0	0	0	0	0	0	0	0	0	0	0	0	0	0	0	0	0	0	0	0	0	0	0	0	0	0	0	0	0	0	0	0	0	0	0	0	0	0	0	0	0	0	0	0	0	0	0	0	0	0	0	0	0	155	1030	29386	260079	585338	915943	693866	527738	368674	156837	40565	14610	4707	414	0	0	0	0	0	0	0	0	0	0	0	0	0	0	0	0	0	0	0	0	0	0	0	0	0	0	0	0	0	0	0	0	0	0	0	0	0	0	0	0	0	0	0	0	0	0	0	0	0	0	0	0	0	0	0	0	0	0	0	0	0	0	
0	0	0	0	0	0	0	0	0	0	0	0	0	0	0	0	0	0	0	0	0	0	0	0	0	0	0	0	0	0	0	0	0	0	0	0	0	0	0	0	0	0	0	0	0	0	0	0	0	0	0	0	5	337	2000	88771	400396	892487	1307939	918027	679437	511854	286917	78146	26822	12200	3428	56	0	0	0	0	0	0	0	0	0	0	0	0	0	0	0	0	0	0	0	0	0	0	0	0	0	0	0	0	0	0	0	0	0	0	0	0	0	0	0	0	0	0	0	0	0	0	0	0	0	0	0	0	0	0	0	0	0	0	0	0	0	
0	0	0	0	0	0	0	0	0	0	0	0	0	0	0	0	0	0	0	0	0	0	0	0	0	0	0	0	0	0	0	0	0	0	0	0	0	0	0	0	0	0	0	0	0	0	0	0	0	0	0	0	19	656	7895	195480	606640	1322928	1721667	1139298	838213	647666	460075	159539	51891	20598	8827	1675	13	0	0	0	0	0	0	0	0	0	0	0	0	0	0	0	0	0	0	0	0	0	0	0	0	0	0	0	0	0	0	0	0	0	0	0	0	0	0	0	0	0	0	0	0	0	0	0	0	0	0	0	0	0	0	0	0	0	0	0	0	
0	0	0	0	0	0	0	0	0	0	0	0	0	0	0	0	0	0	0	0	0	0	0	0	0	0	0	0	0	0	0	0	0	0	0	0	0	0	0	0	0	0	0	0	0	0	0	0	0	0	0	19	137	1695	39090	336323	905385	1883700	2242634	1422579	1040329	818731	612742	316476	99373	39059	17127	7068	1001	0	0	0	0	0	0	0	0	0	0	0	0	0	0	0	0	0	0	0	0	0	0	0	0	0	0	0	0	0	0	0	0	0	0	0	0	0	0	0	0	0	0	0	0	0	0	0	0	0	0	0	0	0	0	0	0	0	0	0	0	
0	0	0	0	0	0	0	0	0	0	0	0	0	0	0	0	0	0	0	0	0	0	0	0	0	0	0	0	0	0	0	0	0	0	0	0	0	0	0	0	0	0	0	0	0	0	0	0	0	0	6	32	459	4384	103850	536263	1337479	2675466	2799126	1706511	1305361	1013110	761232	511722	187073	77276	32768	15531	6066	493	0	0	0	0	0	0	0	0	0	0	0	0	0	0	0	0	0	0	0	0	0	0	0	0	0	0	0	0	0	0	0	0	0	0	0	0	0	0	0	0	0	0	0	0	0	0	0	0	0	0	0	0	0	0	0	0	0	0	0	
0	0	0	0	0	0	0	0	0	0	0	0	0	0	0	0	0	0	0	0	0	0	0	0	0	0	0	0	0	0	0	0	0	0	0	0	0	0	0	0	0	0	0	0	0	0	0	0	0	4	39	132	1555	16278	214475	839913	1922168	3631327	3396290	2107392	1642173	1248502	937995	724698	352245	141394	59769	28400	13857	4580	150	0	0	0	0	0	0	0	0	0	0	0	0	0	0	0	0	0	0	0	0	0	0	0	0	0	0	0	0	0	0	0	0	0	0	0	0	0	0	0	0	0	0	0	0	0	0	0	0	0	0	0	0	0	0	0	0	0	0	
0	0	0	0	0	0	0	0	0	0	0	0	0	0	0	0	0	0	0	0	0	0	0	0	0	0	0	0	0	0	0	0	0	0	0	0	0	0	0	0	0	0	0	0	0	0	0	0	0	21	80	704	3465	51270	387160	1265030	2714799	4673458	4057236	2645713	2075638	1522292	1148692	921880	612439	245030	107661	52137	27093	12846	3086	133	0	0	0	0	0	0	0	0	0	0	0	0	0	0	0	0	0	0	0	0	0	0	0	0	0	0	0	0	0	0	0	0	0	0	0	0	0	0	0	0	0	0	0	0	0	0	0	0	0	0	0	0	0	0	0	0	0	
0	0	0	0	0	0	0	0	0	0	0	0	0	0	0	0	0	0	0	0	0	0	0	0	0	0	0	0	0	0	0	0	0	0	0	0	0	0	0	0	0	0	0	0	0	0	0	0	4	33	184	1358	10051	124643	662749	1810962	3666027	5657388	4768917	3321825	2562656	1920552	1452131	1127000	913112	432445	195557	95294	49404	24918	11415	3168	59	0	0	0	0	0	0	0	0	0	0	0	0	0	0	0	0	0	0	0	0	0	0	0	0	0	0	0	0	0	0	0	0	0	0	0	0	0	0	0	0	0	0	0	0	0	0	0	0	0	0	0	0	0	0	0	0	
0	0	0	0	0	0	0	0	0	0	0	0	0	0	0	0	0	0	0	0	0	0	0	0	0	0	0	0	0	0	0	0	0	0	0	0	0	0	0	0	0	0	0	0	0	0	0	0	37	60	535	3388	29710	259069	1052668	2582407	4747078	6725287	5560120	4236826	3184681	2446640	1862690	1413158	1203886	740887	333341	168985	88476	46925	24559	11452	2972	55	0	0	0	0	0	0	0	0	0	0	0	0	0	0	0	0	0	0	0	0	0	0	0	0	0	0	0	0	0	0	0	0	0	0	0	0	0	0	0	0	0	0	0	0	0	0	0	0	0	0	0	0	0	0	0	
0	0	0	0	0	0	0	0	0	0	0	0	0	0	0	0	0	0	0	0	0	0	0	0	0	0	0	0	0	0	0	0	0	0	0	0	0	0	0	0	0	0	0	0	0	0	15	53	48	218	1315	8984	74266	456605	1572236	3486520	5808002	7899800	6602414	5110665	3920480	3074174	2350204	1818617	1518909	1128108	554424	290891	149701	80634	45572	25158	11225	3077	29	0	0	0	0	0	0	0	0	0	0	0	0	0	0	0	0	0	0	0	0	0	0	0	0	0	0	0	0	0	0	0	0	0	0	0	0	0	0	0	0	0	0	0	0	0	0	0	0	0	0	0	0	0	0	
0	0	0	0	0	0	0	0	0	0	0	0	0	0	0	0	0	0	0	0	0	0	0	0	0	0	0	0	0	0	0	0	0	0	0	0	0	0	0	0	0	0	0	20	39	37	49	60	149	697	3353	23806	156983	769374	2276781	4598528	7165556	9239003	7708189	6116593	4877102	3890110	3005609	2302070	1920440	1510054	864296	489641	265175	134695	80533	49974	24878	12382	2802	12	0	0	0	0	0	0	0	0	0	0	0	0	0	0	0	0	0	0	0	0	0	0	0	0	0	0	0	0	0	0	0	0	0	0	0	0	0	0	0	0	0	0	0	0	0	0	0	0	0	0	0	0	0	
0	0	0	0	0	0	0	0	0	0	0	0	0	0	0	0	0	0	0	0	0	0	0	0	0	0	0	0	0	0	0	0	0	0	0	0	0	0	0	0	0	0	22	104	115	64	18	111	307	1391	8392	55357	299743	1216699	3158659	5954846	8901911	10802384	9097706	7354538	6297437	5016485	3841078	2948735	2414313	1964420	1266270	789127	436318	234170	137963	85453	51866	25931	12153	2407	8	0	0	0	0	0	0	0	0	0	0	0	0	0	0	0	0	0	0	0	0	0	0	0	0	0	0	0	0	0	0	0	0	0	0	0	0	0	0	0	0	0	0	0	0	0	0	0	0	0	0	0	0	
0	0	0	0	0	0	0	0	0	0	0	0	0	0	0	0	0	0	0	0	0	0	0	0	0	0	0	0	0	0	0	0	0	0	0	0	0	0	0	0	0	7	97	83	56	30	60	139	559	3043	22017	114345	529013	1780629	4224682	7518779	10833643	12673786	10937437	9000015	8063387	6500155	4914146	3731092	3100999	2538947	1805570	1217351	692784	384946	233368	140181	88571	53148	29115	12978	2405	6	0	0	0	0	0	0	0	0	0	0	0	0	0	0	0	0	0	0	0	0	0	0	0	0	0	0	0	0	0	0	0	0	0	0	0	0	0	0	0	0	0	0	0	0	0	0	0	0	0	0	0	
0	0	0	0	0	0	0	0	0	0	0	0	0	0	0	0	0	0	0	0	0	0	0	0	0	0	0	0	0	0	0	0	0	0	0	0	0	0	0	0	0	7	54	83	99	73	149	246	1350	9383	52522	223650	875546	2556054	5556505	9441657	12911690	14785534	13182931	11084518	10116452	8198350	6155585	4810350	3911440	3186407	2488034	1787106	1098242	601542	374732	228777	141538	96632	58166	32220	15774	2547	4	0	0	0	0	0	0	0	0	0	0	0	0	0	0	0	0	0	0	0	0	0	0	0	0	0	0	0	0	0	0	0	0	0	0	0	0	0	0	0	0	0	0	0	0	0	0	0	0	0	0	
0	0	0	0	0	0	0	0	0	0	0	0	0	0	0	0	0	0	0	0	0	0	0	0	0	0	0	0	0	0	0	0	0	0	0	0	0	0	0	0	1	31	130	85	41	97	146	611	3640	24558	106012	393379	1298411	3512011	7145937	11601981	15456742	17502469	15963752	13629819	12248925	10034274	7619756	6231907	4991529	4062662	3228189	2510433	1583927	984733	589235	371207	235238	157605	99945	61943	37894	16412	2386	12	0	0	0	0	0	0	0	0	0	0	0	0	0	0	0	0	0	0	0	0	0	0	0	0	0	0	0	0	0	0	0	0	0	0	0	0	0	0	0	0	0	0	0	0	0	0	0	0	0	
0	0	0	0	0	0	0	0	0	0	0	0	0	0	0	0	0	0	0	0	0	0	0	0	0	0	0	0	0	0	0	0	0	0	0	0	0	0	0	0	33	127	86	24	31	50	171	1656	10404	55324	196505	624057	1872271	4779547	9162710	14559051	18896493	20784364	19201817	16529088	15091318	12339618	9547054	7909964	6262408	5126829	4019980	3373369	2312263	1503356	970223	584850	371543	251111	167102	112443	68076	40968	16598	2850	15	0	0	0	0	0	0	0	0	0	0	0	0	0	0	0	0	0	0	0	0	0	0	0	0	0	0	0	0	0	0	0	0	0	0	0	0	0	0	0	0	0	0	0	0	0	0	0	0	
0	0	0	0	0	0	0	0	0	0	0	0	0	0	0	0	0	0	0	0	0	0	0	0	0	0	0	0	0	0	0	0	0	0	0	0	0	0	0	7	25	75	46	37	17	66	522	4156	26223	106345	335182	938664	2585892	6293759	11849825	18579407	23264288	24714298	22331357	19608029	18091165	14892995	11565791	9679167	7809702	6256908	5016090	4297058	3310457	2129250	1456729	913139	573490	388203	271812	185329	125163	76397	46083	19929	3292	24	0	0	0	0	0	0	0	0	0	0	0	0	0	0	0	0	0	0	0	0	0	0	0	0	0	0	0	0	0	0	0	0	0	0	0	0	0	0	0	0	0	0	0	0	0	0	0	
0	0	0	0	0	0	0	0	0	0	0	0	0	0	0	0	0	0	0	0	0	0	0	0	0	0	0	0	0	0	0	0	0	0	0	0	0	0	2	23	63	70	67	40	22	232	1788	12466	57952	187681	527013	1346215	3534593	8348650	15290266	23289931	28200899	29154387	26179014	23159000	21256638	17693004	13909948	11614383	9723336	7699850	6153433	5285689	4274865	3033909	2086512	1404396	887787	599095	412064	297136	206845	132321	89817	55242	23625	4069	60	0	0	0	0	0	0	0	0	0	0	0	0	0	0	0	0	0	0	0	0	0	0	0	0	0	0	0	0	0	0	0	0	0	0	0	0	0	0	0	0	0	0	0	0	0	0	
0	0	0	0	0	0	0	0	0	0	0	0	0	0	0	0	0	0	0	0	0	0	0	0	0	0	0	0	0	0	0	0	0	0	0	0	0	0	10	46	57	96	57	28	142	534	4901	28792	108490	305008	782241	1911710	4762779	10968573	19607328	29011493	33966047	34532426	31027608	27292293	24821915	21334240	16689045	13611484	11478805	9342201	7542148	6294547	5303240	4022942	2895642	2050484	1341081	912513	614092	441588	326270	219246	158562	110290	66435	28890	5931	112	0	0	0	0	0	0	0	0	0	0	0	0	0	0	0	0	0	0	0	0	0	0	0	0	0	0	0	0	0	0	0	0	0	0	0	0	0	0	0	0	0	0	0	0	0	
0	0	0	0	0	0	0	0	0	0	0	0	0	0	0	0	0	0	0	0	0	0	0	0	0	0	0	0	0	0	0	0	0	0	0	0	0	0	0	0	66	153	92	112	177	1661	13786	58076	185183	476506	1145248	2706491	6528513	14511775	25364533	35940785	41388136	40914382	36656070	32147403	28879597	24858294	19815210	15902851	13509294	11259901	9026689	7335130	6360632	5208912	3865640	2855075	1935935	1345770	918303	650041	490539	355915	256674	192351	128019	78767	35300	8264	235	0	0	0	0	0	0	0	0	0	0	0	0	0	0	0	0	0	0	0	0	0	0	0	0	0	0	0	0	0	0	0	0	0	0	0	0	0	0	0	0	0	0	0	0	
0	0	0	0	0	0	0	0	0	0	0	0	0	0	0	0	0	0	0	0	0	0	0	0	0	0	0	0	0	0	0	0	0	0	0	0	0	0	0	32	66	149	82	143	729	5670	30532	108638	295506	700975	1598144	3741132	8914905	19349125	32687771	44602520	49964750	47844244	42433451	37300671	32702103	28418467	23143236	18865573	15854271	13230249	10638691	8624965	7427292	6405118	4953533	3733290	2776828	1944048	1334725	947263	718082	546578	399215	309628	221092	151898	92876	46367	12604	472	0	0	0	0	0	0	0	0	0	0	0	0	0	0	0	0	0	0	0	0	0	0	0	0	0	0	0	0	0	0	0	0	0	0	0	0	0	0	0	0	0	0	0	
0	0	0	0	0	0	0	0	0	0	0	0	0	0	0	0	0	0	0	0	0	0	0	0	0	0	0	0	0	0	0	0	0	0	0	0	0	6	12	36	89	151	85	357	2304	15146	61976	186239	450581	998547	2199276	5083864	12130040	25685810	41688360	55089479	60063850	55855153	48454686	42390887	37312698	32282774	27005586	22550512	18657166	15728964	12555068	10119665	8531417	7437085	5966471	4877253	3731981	2756750	1940098	1383908	1025451	816259	598846	467623	368575	262505	183217	118803	62481	18471	1012	0	0	0	0	0	0	0	0	0	0	0	0	0	0	0	0	0	0	0	0	0	0	0	0	0	0	0	0	0	0	0	0	0	0	0	0	0	0	0	0	0	0	
0	0	0	0	0	0	0	0	0	0	0	0	0	0	0	0	0	0	0	0	0	0	0	0	0	0	0	0	0	0	0	0	0	0	0	0	0	8	77	80	95	129	203	1042	6858	32278	109867	297857	661433	1377854	3013033	6904192	16400740	33854364	52568110	67821025	71311521	64610705	55740408	48483306	42687663	37065236	31741746	26579522	22026482	18630276	14700216	11787837	9848809	8477536	7104820	5959247	4882678	3698879	2704232	2023483	1475838	1173477	888020	691102	563678	427480	314385	226688	150291	83962	29143	2406	0	0	0	0	0	0	0	0	0	0	0	0	0	0	0	0	0	0	0	0	0	0	0	0	0	0	0	0	0	0	0	0	0	0	0	0	0	0	0	0	0	
0	0	0	0	0	0	0	0	0	0	0	0	0	0	0	0	0	0	0	0	0	0	0	0	0	0	0	0	0	0	0	0	0	0	0	7	8	39	71	71	201	189	390	2813	15847	61713	184385	450044	923115	1872940	4090639	9278907	22115219	43660079	65838868	82771817	83583532	74953549	63751629	55445000	48781066	42143597	37672624	31469671	26470046	21904007	17342452	13779316	11339476	9710618	8058878	6882929	6010285	4727433	3623168	2812207	2083035	1606242	1278797	1014465	840611	674584	515667	396140	284828	198105	117048	45200	5538	5	0	0	0	0	0	0	0	0	0	0	0	0	0	0	0	0	0	0	0	0	0	0	0	0	0	0	0	0	0	0	0	0	0	0	0	0	0	0	0	
0	0	0	0	0	0	0	0	0	0	0	0	0	0	0	0	0	0	0	0	0	0	0	0	0	0	0	0	0	0	0	0	0	0	5	37	81	73	83	165	203	233	1077	6756	33088	114165	294306	634525	1281547	2555018	5454276	12535477	29133530	55835816	82512521	99212790	97129834	85764773	71882282	62622158	55822866	48229820	43895861	37069753	30978528	25906777	20617937	16295021	13251523	11144072	9076513	7958487	7056906	5723040	4647402	3819696	2860871	2198424	1774083	1425832	1227756	1006674	798308	651992	511023	377964	274501	168748	70632	11908	45	0	0	0	0	0	0	0	0	0	0	0	0	0	0	0	0	0	0	0	0	0	0	0	0	0	0	0	0	0	0	0	0	0	0	0	0	0	0	
0	0	0	0	0	0	0	0	0	0	0	0	0	0	0	0	0	0	0	0	0	0	0	0	0	0	0	0	0	0	0	0	0	0	2	32	107	84	92	140	192	432	2834	15835	61246	188681	441164	879971	1725282	3443276	7259621	16822065	38312252	71034284	102497192	117206667	111204768	96492953	81002252	70144916	62688123	54758658	50260489	44160590	36833749	30607360	24668999	19449111	15682020	12858305	10514564	9129149	8143157	6793742	5844979	4961992	3859937	2996414	2407809	1948692	1681915	1460133	1176996	998987	839238	658188	506978	370910	235936	108540	23887	427	0	0	0	0	0	0	0	0	0	0	0	0	0	0	0	0	0	0	0	0	0	0	0	0	0	0	0	0	0	0	0	0	0	0	0	0	0	
0	0	0	0	0	0	0	0	0	0	0	0	0	0	0	0	0	0	0	0	0	0	0	0	0	0	0	0	0	0	0	0	0	0	5	61	130	88	136	179	224	1174	6891	33050	110219	299886	622403	1186610	2297496	4568690	9657697	22346520	49806418	90519138	126726275	137592435	128127499	108893550	90905577	78506099	69109708	60893511	56545561	51289914	43687258	36529272	29467743	23429611	18998928	15441749	12288003	10699334	9563284	8034140	7297569	6220208	4995720	4052849	3189311	2611299	2295560	2005697	1676152	1450826	1288989	1079354	868966	689494	520678	336861	176713	49618	1738	0	0	0	0	0	0	0	0	0	0	0	0	0	0	0	0	0	0	0	0	0	0	0	0	0	0	0	0	0	0	0	0	0	0	0	0	
0	0	0	0	0	0	0	0	0	0	0	0	0	0	0	0	0	0	0	0	0	0	0	0	0	0	0	0	0	0	0	0	0	15	35	81	83	99	139	203	467	2755	15424	62063	189203	439272	842370	1571762	2950326	5904944	12810396	29522144	63249094	113056860	152674857	160834154	145728390	121097086	100776327	85115241	74610092	66982460	62469955	57568670	50539095	42853193	35153318	28412529	23296950	18766326	14715634	12729713	11133550	9430231	8785515	7549712	6227019	5395579	4298988	3458823	3030327	2664948	2338966	2035408	1873034	1623517	1405163	1165346	961220	737602	502890	297012	94295	6307	0	0	0	0	0	0	0	0	0	0	0	0	0	0	0	0	0	0	0	0	0	0	0	0	0	0	0	0	0	0	0	0	0	0	0	
0	0	0	0	0	0	0	0	0	0	0	0	0	0	0	0	0	0	0	0	0	0	0	0	0	0	0	0	0	0	0	0	3	34	54	67	69	122	185	304	1000	6652	32913	108811	288783	592610	1085027	2033872	3746300	7605746	16899388	38532770	79374190	138803001	179590227	181686501	162586631	131753937	108195563	90170742	78704413	72895355	68052512	64162522	58182628	50151547	41759914	33965525	28148894	22626172	18100841	15007565	13021983	11162792	10331963	9053182	7622072	6916346	5733080	4562218	3916279	3526282	3132418	2722020	2516964	2312006	2083205	1855660	1627819	1350917	1061134	789339	478002	173652	21421	11	0	0	0	0	0	0	0	0	0	0	0	0	0	0	0	0	0	0	0	0	0	0	0	0	0	0	0	0	0	0	0	0	0	
0	0	0	0	0	0	0	0	0	0	0	0	0	0	0	0	0	0	0	0	0	0	0	0	0	0	0	0	0	0	0	0	19	29	63	78	135	169	244	561	2625	15143	59712	175986	402780	756035	1369172	2509327	4757526	9793977	22213259	49595991	97799305	164858829	205760428	200593301	176983054	140061641	110023844	92083126	80585701	76715844	72891469	69823078	66029089	58099861	49930207	41375759	33475906	27153446	21678872	18111902	15467791	13215051	12202808	10892201	9224699	8717161	7519184	6057050	5132686	4512151	4109248	3642363	3344946	3234510	2943290	2679551	2405309	2218860	1912244	1560552	1194387	753299	329758	60172	746	0	0	0	0	0	0	0	0	0	0	0	0	0	0	0	0	0	0	0	0	0	0	0	0	0	0	0	0	0	0	0	0	
0	0	0	0	0	0	0	0	0	0	0	0	0	0	0	0	0	0	0	0	0	0	0	0	0	0	0	0	0	0	0	4	39	61	99	78	186	205	435	1107	6444	30658	101777	258349	524997	955950	1679330	3149415	6049399	12566465	28544913	62737148	119551665	194813407	231508083	218501633	188518224	145366041	108338780	90462641	81804384	78945587	76601384	75432435	73131657	66463833	59052835	49997979	40299308	32737600	26507865	22568636	18721429	15858069	14402622	12954455	11557973	10764865	9705322	8009117	6701683	5817994	5268765	4663595	4389544	4266936	3942548	3725647	3423356	3247987	3064142	2737836	2372925	1824637	1227216	630142	156700	5670	0	0	0	0	0	0	0	0	0	0	0	0	0	0	0	0	0	0	0	0	0	0	0	0	0	0	0	0	0	0	0	
0	0	0	0	0	0	0	0	0	0	0	0	0	0	0	0	0	0	0	0	0	0	0	0	0	0	0	0	0	0	0	16	26	43	119	154	228	278	787	2502	13950	53355	159915	357954	666555	1189863	2007008	3807506	7589837	16171831	36148551	78060562	144922493	224606211	253500479	231217724	192524245	141659555	102070921	85929111	79064316	78633308	78225530	79585999	78388134	74401437	67717084	59254715	49011218	39982206	33130005	27886550	22856096	19300654	17312847	15535122	14394430	13289888	12054979	10423511	8755219	7657672	6659312	5976299	5744095	5491971	5262397	4997608	4835328	4553095	4539486	4280325	3997173	3473684	2819010	2073062	1184768	380753	29061	0	0	0	0	0	0	0	0	0	0	0	0	0	0	0	0	0	0	0	0	0	0	0	0	0	0	0	0	0	0	
0	0	0	0	0	0	0	0	0	0	0	0	0	0	0	0	0	0	0	0	0	0	0	0	0	0	0	0	0	0	16	9	32	60	94	208	443	482	1215	6233	25997	85241	220779	451422	794506	1402790	2458019	4545194	9571605	20611962	45028867	93259807	168646609	248370843	267247582	233256911	184438406	130072881	92911058	78787662	73507460	74322492	77255126	82761784	83216191	81013105	76637701	68743982	58607240	48994973	41030518	34513885	27846125	23371968	21189433	18726502	17310151	16216667	14866747	13239272	11575645	10062632	8388447	7820431	7343635	7057609	6848214	6657332	6669702	6402309	6357089	6409660	6166136	5742267	5230012	4571115	3551677	2241646	901687	119458	342	0	0	0	0	0	0	0	0	0	0	0	0	0	0	0	0	0	0	0	0	0	0	0	0	0	0	0	0	
0	0	0	0	0	0	0	0	0	0	0	0	0	0	0	0	0	0	0	0	0	0	0	0	0	0	0	0	0	1	7	3	18	131	133	306	404	754	2385	11529	42761	121310	282037	528830	916781	1634000	3016013	5556894	12076016	26063946	55490239	108718134	186618849	257446026	264107247	223549579	164546275	110753531	81277492	69143919	65541120	68581908	74877331	81877267	85280577	86338015	86808240	79267650	69997389	60408801	50835078	41787488	34264159	29026776	25831759	22922214	20672349	19495564	18430432	16767548	15228668	13249304	11052422	10158410	9373911	9038277	8920306	8825779	9033179	8788240	8712962	9035984	8822482	8453319	8379476	8006721	7077550	5985285	4090053	1932036	413606	9836	0	0	0	0	0	0	0	0	0	0	0	0	0	0	0	0	0	0	0	0	0	0	0	0	0	0	0	
0	0	0	0	0	0	0	0	0	0	0	0	0	0	0	0	0	0	0	0	0	0	0	0	0	0	0	0	0	5	15	10	52	146	192	433	633	1239	4804	20729	64945	158686	333461	609038	1034886	1909336	3671355	7037645	15136319	32112795	65095776	122634410	196563627	253774296	247691431	197254691	135693302	90331653	68519022	59129599	57178447	62734350	70495941	78851477	85867739	91506244	95742257	90964572	82919011	73245097	62834282	51317086	42566224	35847416	32110393	28320185	25244850	23539284	23104258	21152904	19404595	17499269	14876434	13338863	12205579	11924615	11552513	11526989	12134781	11763216	11828674	12278953	12266215	12265860	12532607	12559404	11960644	11384028	9659638	7278717	4207152	1263336	80598	0	0	0	0	0	0	0	0	0	0	0	0	0	0	0	0	0	0	0	0	0	0	0	0	0	0	
0	0	0	0	0	0	0	0	0	0	0	0	0	0	0	0	0	0	0	0	0	0	0	0	0	0	0	3	0	4	7	22	112	204	299	590	949	2254	9194	32829	90424	191044	376901	683939	1188696	2232957	4371782	8660245	18566102	38123046	73761073	130465110	196699588	240249787	219889184	162238651	106400279	71197250	56918806	50031009	50417772	57500869	65751555	74650604	85065221	94404617	102809649	102153372	96095185	87378899	76623481	63731414	52857307	45206745	40198343	35674790	31205620	28832070	28270977	27200578	24552191	23270472	20528384	17551263	16212846	15687433	15178321	15086048	15852547	15804159	16055495	16617000	17138266	17612447	18508514	18741874	18335547	18837548	17682216	15856374	13330032	8536618	3497349	427778	731	0	0	0	0	0	0	0	0	0	0	0	0	0	0	0	0	0	0	0	0	0	0	0	0	
0	0	0	0	0	0	0	0	0	0	0	0	0	0	0	0	0	0	0	0	0	0	0	0	0	0	10	25	2	5	18	66	152	259	407	567	1423	4028	15793	45945	111421	214529	407802	765650	1396568	2630628	5161459	10649899	22373667	43796356	78856719	129925218	185271028	214643972	181391895	125478487	81617876	56447319	47065674	43459133	44946130	52265786	61046636	70832751	82864071	95188389	106723835	111777509	109949686	102361629	92592552	78780297	66625264	57070688	50638248	44641495	38620873	36467276	35512716	34237842	31355566	30002429	27867235	23756331	21235422	21118784	20036659	20271146	20938010	21304887	22017449	22665147	24217086	25407323	27027200	27404449	27413996	28868872	28937279	28401506	26243985	22464577	17388047	9030048	1812968	38118	0	0	0	0	0	0	0	0	0	0	0	0	0	0	0	0	0	0	0	0	0	0	0	
0	0	0	0	0	0	0	0	0	0	0	0	0	0	0	0	0	0	0	0	0	0	0	0	1	17	26	31	6	9	60	133	201	350	522	958	2225	6407	21840	59499	131018	239572	443965	844872	1595062	3083795	6093899	12912715	25920328	47565466	80531420	121447868	163340284	176285659	138472073	95338427	63312180	45648070	39937755	38524575	40948890	47856731	57662698	66951270	80679997	96074287	109653953	119636365	123469759	117922980	108637569	96214325	84248889	73120710	63986028	56047431	48875447	45596603	44195915	41767687	40582091	38929524	37671064	32696958	28713691	27924287	26977665	26957411	28247023	29153349	30261470	31643348	33904377	35937786	38744397	39891387	41360190	43531377	44779156	46448915	44424001	42933362	40519347	33984863	21365298	6466101	420165	0	0	0	0	0	0	0	0	0	0	0	0	0	0	0	0	0	0	0	0	0	0	
0	0	0	0	0	0	0	0	0	0	0	0	0	0	0	0	0	0	0	0	0	0	0	0	11	36	28	17	3	35	98	226	243	439	711	1451	3024	9212	27373	70354	148246	259671	483228	951111	1802057	3576697	7333009	14949353	27862666	47650095	75941640	106792485	134871152	136673579	103634198	73581492	50703616	38538753	35114772	35094311	38340859	45168901	54969651	64626467	78449399	96300657	111303393	125865192	135566277	134363445	126067927	115679879	105732774	92952561	79969863	71173145	62099498	58164077	55261214	51613015	51622649	51151271	50098360	44776146	38967719	37463712	35881373	36422966	38489363	40043433	42268406	44110681	47608723	51661696	55764662	58339888	62544414	64424661	68308016	72616489	71578802	74155368	73939235	70234840	63470174	45909471	21105060	2818212	11613	0	0	0	0	0	0	0	0	0	0	0	0	0	0	0	0	0	0	0	0	
0	0	0	0	0	0	0	0	0	0	0	0	0	0	0	0	0	0	0	0	0	0	0	0	46	40	23	4	17	60	140	363	360	455	956	1882	4355	12632	33161	78189	152539	276060	539226	1052510	2061291	4184576	8711640	16622662	28133974	45218578	66582624	88831606	107746682	104083644	78489968	57885148	41577248	33579407	31538108	32678651	36540456	43730934	52619096	63119668	77903911	95783632	112897782	129908679	144840653	151377580	147275361	136982285	129597040	115775667	100214272	91408227	79654327	73240973	69940318	66016562	65609665	67566022	66679426	60674132	52867531	49872925	48061623	49336696	51656900	54349106	57009581	60312820	65265991	71163625	76758139	82177168	91620073	93995279	100399936	109009968	110935388	122841916	123417744	122216979	123370027	114883695	100641770	59422178	14028103	460196	0	0	0	0	0	0	0	0	0	0	0	0	0	0	0	0	0	0	0	
0	0	0	0	0	0	0	0	0	0	0	0	0	0	0	0	0	0	0	0	0	0	0	1	26	13	4	13	44	73	202	370	384	671	1155	2200	6032	15855	37249	82887	155990	297374	587748	1184634	2373596	4879225	9950188	17497726	26824036	40596471	55970097	72156964	83743170	80582529	62121536	46522104	35254810	29956617	29331571	31033655	35596044	42821280	50828111	62420595	77437208	94883818	115617784	134057181	151946174	166273560	169068067	162053902	154647802	141509253	125961363	116020544	101287022	92973156	90086143	85641826	82982116	86073662	88684559	84252865	72408428	66660218	64914096	65812109	68425114	71965395	74543459	79729748	87136144	93260855	101911470	109683128	123679537	129547757	141929593	156028575	162385058	185550235	193336656	201852913	210248581	212991544	215723208	197784561	144798087	57329259	5203161	328	0	0	0	0	0	0	0	0	0	0	0	0	0	0	0	0	0	
0	0	0	0	0	0	0	0	0	0	0	0	0	0	0	0	0	0	0	0	0	0	0	6	5	15	12	22	46	158	278	400	640	999	1410	3002	7514	18960	43240	88922	165918	321494	641562	1311120	2717982	5506778	10560997	17033241	24767950	34924335	46515043	58709882	66048953	63514971	51429451	39087312	31194540	27972420	27958493	30368867	35371564	42334078	51101543	62259713	77532676	94603567	117490941	139010081	157982812	178182389	188755485	188932602	182448076	168918308	158282811	146538564	128291750	118822627	114857794	109228124	106766480	109648855	114535281	115129757	96604913	86327253	83425318	83445512	84715623	89063505	92293387	98362539	105336700	111272842	124717363	131442269	144754126	155589636	175802976	195741275	211513605	245620970	267233519	296307403	320370370	343940153	372112859	380777931	374789268	330484118	197725926	36264196	534572	0	0	0	0	0	0	0	0	0	0	0	0	0	0	0	0	
0	0	0	0	0	0	0	0	0	0	0	0	0	0	0	0	0	0	0	0	0	0	6	2	8	8	7	26	124	259	372	536	802	1206	1960	3962	9771	22335	46619	93394	176897	355750	708518	1459172	3075220	5901332	10375426	15625545	21883375	30009648	39767140	49503897	54062830	51375760	43851199	33561996	28379168	26546241	27249459	30127676	35600815	43216398	51945561	63207654	78305759	95694967	119941299	141753442	162713315	185942156	202146152	213872733	211545199	202404148	193711377	181540195	161115265	151953225	143688026	139141703	137994049	140830342	147358461	147941581	122723119	107701334	100725400	98735393	98683241	100739914	103065648	108248480	112653598	115528174	129705402	135021907	143879326	156505903	176215978	196807009	218089029	256876522	297764118	348260055	395091924	457716731	528126000	599702784	658473947	704037030	711836291	535475186	197993889	11985452	0	0	0	0	0	0	0	0	0	0	0	0	0	0	0	
0	0	0	0	0	0	0	0	0	0	0	0	0	0	0	0	0	0	0	0	0	2	3	3	6	5	18	53	171	257	447	832	1075	1583	2627	5566	12892	25438	50574	98836	188174	386175	792641	1623838	3347351	6114251	9741031	13810885	19047619	26414592	34854556	43037795	45987535	43200431	37359956	30164491	26393074	25729729	27445776	30812144	36565513	44698243	53413542	64232168	79869364	97397114	120942697	141619272	166355238	192257828	211380107	235262665	241027778	236408675	230856450	220027039	200200438	191082547	178090463	176800686	178402899	183252566	187225642	180136120	146214900	123286870	112342696	107524310	103568440	101534228	102374468	105874506	105979786	104497061	113994456	116099859	121686467	133791946	148421485	164276839	181611990	211690732	250192110	297041972	354205165	442468152	549690317	691859238	834234599	1025842149	1239571595	1316996633	1333972701	798804873	127145052	860375	0	0	0	0	0	0	0	0	0	0	0	0	0	
0	0	0	0	0	0	0	0	0	0	0	0	0	0	0	0	0	0	0	0	0	0	4	6	3	12	55	179	191	337	615	1053	1288	2110	3556	7630	15236	28176	56261	106194	200812	412346	892629	1790782	3467917	5965182	8997725	12453378	17226389	24013184	31416424	37864307	40477762	37713645	32643127	27884239	25456914	25103034	27701609	31832118	37625778	46374261	55471660	66074798	81127599	99553101	121679335	142277644	171188708	196804642	219214638	251380634	265318135	269299862	269542143	260244962	242906652	234597321	221190941	221080335	222652957	229169091	226380576	203007783	157829814	130106861	115963978	107180825	101149579	94334566	91758740	92792870	90633572	88195984	93719237	95229816	98115117	106498440	115195728	125755584	137039766	153868357	179979678	211728960	251527416	314494242	402254771	521894395	673487007	928354264	1292122055	1686817710	2273709658	2670537803	2419094494	877353097	44226998	0	0	0	0	0	0	0	0	0	0	0	0	
0	0	0	0	0	0	0	0	0	0	0	0	0	0	0	0	0	0	0	0	0	0	6	0	3	20	114	190	268	453	977	1386	1754	2560	4874	9642	17416	32203	61203	115335	221377	448271	981822	1881544	3474387	5727530	8409116	11895474	16278228	22700995	29321467	33872864	35698307	33812256	29834045	26431696	25056555	25449743	28397838	32447718	38181798	47742266	56374353	67592838	83131496	100440891	120812549	144206431	172500680	198995331	229016268	262023477	279828913	297279983	303924749	301132235	285981978	279458093	268669286	270769341	271841321	271117340	256050446	209671077	160200809	129377814	109606609	98635505	91438094	83806128	79024906	78629085	75915463	72573824	75737988	77023912	78927868	84428197	88361713	95845919	105140150	113872741	128427625	149247307	174394597	209533086	258892222	326427272	417384256	569474519	807746973	1179150816	1810359392	2784173572	4206085522	5358760343	4039108147	669775669	2213453	0	0	0	0	0	0	0	0	0	0	
0	0	0	0	0	0	0	0	0	0	0	0	0	0	0	0	0	0	0	0	0	0	4	3	9	64	148	261	444	678	1162	1644	2093	3425	6515	11763	20927	36222	67016	128102	248646	493757	1046485	1985134	3493686	5591137	8241640	11849463	16042980	21912682	28103413	31095397	32283849	31329789	27886368	25049799	24683489	25809580	28801438	33319560	39046134	48709800	57611339	70123248	84033017	100487068	121646909	147168574	172851908	198758938	231528525	264500450	291435906	317046216	331000579	335753630	329633195	322146545	318230740	317856228	312040009	296275309	261654785	206835880	158039465	122636990	99661286	88349605	80729920	72459183	67035613	65527659	63003930	59413479	60946517	61993346	63148474	67421653	68811206	74461506	81916648	88600279	95624798	110457920	127563483	149414019	176647133	212670782	265944554	339863299	447993852	631412402	911780032	1419049135	2452182491	4371647397	7844900176	11120132700	5339136256	292524948	0	0	0	0	0	0	0	0	0	
0	0	0	0	0	0	0	0	0	0	0	0	0	0	0	0	0	0	0	0	1	1	10	30	53	118	233	425	520	937	1536	1937	2807	5004	9009	14979	26087	42416	76304	147127	282203	555094	1126817	2088100	3575985	5737828	8502806	12102575	16050927	21548958	26987565	29355558	29885727	29070052	26569632	24186253	24606118	26235921	29083464	33732330	41096360	50089844	57807823	71366650	86077780	100419330	122371629	147454544	172476952	193021929	226093867	260437249	295683813	323351057	347329536	362210391	357407917	356446009	359473314	351672819	333598488	299746273	255923277	200053878	152253009	115207024	90697490	78346862	69033065	62128073	56796364	54324538	52966947	49270240	49545796	50577374	50896134	54209230	54880241	59335817	65448407	69752020	74397486	85324520	96027024	110045533	127106136	149481667	182869766	225126575	280110124	371755264	484908837	677280263	1030469328	1641020962	2981572498	6377958724	14333047320	18786150571	5213589772	15916188	0	0	0	0	0	0	0	
0	0	0	0	0	0	0	0	0	0	0	0	0	0	0	0	0	0	0	0	3	8	5	54	123	227	381	562	821	1347	1914	2641	4134	6743	11417	19227	30181	48406	88502	170225	331098	632921	1252912	2289162	3836896	6097983	9039613	12519650	16164267	21384704	26062312	27972376	27940510	27282205	25509426	23891789	24440508	26195751	29149368	34243632	42071935	51455726	58274753	72017016	87927395	101710574	122477586	144725333	168771939	188960598	215962814	252890282	292531453	321591544	350237082	375402559	372963496	372432679	376757061	358289459	327763446	286857919	247829293	192028097	143128732	109331169	84269312	71087648	60575246	54161757	48731394	45706642	44707908	41893104	40905450	42105997	41376375	44402416	45638213	47859847	51345067	55400604	60328258	66874879	74018153	84122816	95928923	109299416	128471762	155078052	191317374	241005516	296215052	383406314	512755614	703196580	1059552978	1717442873	3106524504	6460535491	17001769769	9106599396	47760427	0	0	0	0	0	0	
0	0	0	0	0	0	0	0	0	0	0	0	0	0	0	0	0	0	0	0	12	15	25	99	221	355	529	809	1156	1714	2335	3342	5457	9071	14473	22927	35351	56260	102011	196603	380141	729753	1444163	2593093	4306765	6582613	9823113	12948787	16390061	21279561	25245677	26475056	26403641	25517511	24586192	23400246	23801640	25778298	29230111	34651672	42701991	52346254	60054237	73630850	89641712	104135377	122673779	142356735	165242478	185456207	206026663	239879281	281102064	306539837	335177135	366489038	369918398	362261458	364664196	335946646	300541982	263321727	230175459	183890525	137974705	105863295	80649755	64469130	54172048	47968832	42322327	38516777	37625015	35648564	34469146	35155674	34107445	36591584	38478723	39095575	40656415	44164618	48916400	52800470	57373902	66003131	74775236	83360850	93533736	111222071	135716833	160880074	191610640	241052785	294361698	375615004	498622787	668589092	915504057	1249575517	1759918891	1816203769	165541810	438044	37	0	0	0	0	
0	0	0	0	0	0	0	0	0	0	0	0	0	0	0	0	0	0	0	0	11	10	53	151	298	424	773	1023	1434	1981	2961	4505	7098	11229	17569	27968	41890	65479	116425	228124	449380	870328	1677309	2970973	4809050	7078390	10258824	13406345	16661629	21211730	24458739	24841030	25165639	24237065	23274157	22876527	23461982	25455736	29787436	35407088	42493660	52536704	62053811	74637237	89908680	104490480	124298113	142619009	164278737	181215218	196488707	225002599	260543320	287393680	311113944	339813035	347628856	332238114	325500798	301254962	269380919	241069524	215264282	178334553	136076338	103473903	75325652	58670179	48017926	41417047	36136946	32078840	31044279	29598997	28678361	29149562	28130585	30162087	31871993	32193386	33274912	35685395	39862652	41968542	45427613	51496779	58056112	63554623	70508296	82034659	96052713	110891377	126298596	151064660	178413951	215601791	261459954	312203774	361456449	394627629	397650358	265463077	40739018	854750	2260	0	0	0	0	
0	0	0	0	0	0	0	0	0	0	0	0	0	0	0	0	0	0	0	8	10	31	87	208	342	593	904	1270	1877	3015	4280	6450	9352	14295	22442	33545	49878	78547	139912	266020	538671	1057311	1944112	3408743	5338480	7497791	10676283	13849966	16980643	21397019	23547103	23598554	24085388	22845865	22044161	21870311	23146031	25110584	29882127	36159466	42450580	52127142	62721716	75202759	90339606	105831790	126532038	143611470	165380719	179484160	189313831	209122138	235234231	262252003	282154502	299018681	308012757	290365332	281646100	264436738	245700759	222739615	201363009	173300003	136109532	100734672	70215329	52336710	41875826	34556199	30682441	26975380	25749569	24561048	23857896	24418332	23557062	24890159	26102975	26498925	27697415	29072285	31546845	33097162	36358136	39704449	43436933	47781229	53395322	60047120	67721373	77174246	84470824	96596231	109024044	125230745	140806074	154830115	161721560	152534768	120408278	60831302	9498917	286238	3381	5	0	0	0	
0	0	0	0	0	0	0	0	0	0	0	0	0	0	0	0	0	0	9	6	17	56	161	326	604	868	1214	1763	2664	3947	5698	8376	11924	18182	28368	40734	59675	94401	165901	318194	644359	1244358	2210870	3722871	5672420	7886516	11153294	14180452	17119746	20934581	22499816	22544040	22830436	21879626	21359301	21170623	22733970	24925656	29724085	36437525	42562915	51723990	62614703	75397370	90195602	107290945	129134803	146569725	168835671	180322241	186177221	197903805	213383783	235220318	250329271	257549678	263475847	250924723	243677904	234739100	225368145	208053548	188670712	167135582	132217200	94875676	64851072	45931534	34798012	28134196	25298749	22631578	21481476	20657875	20023716	20449015	20131013	20783041	21839296	22138741	23029272	23950230	24990137	26363444	29240979	30811424	32444213	35515920	39743302	42577832	45671381	51995389	56032526	60827304	68020782	72724582	75449143	76057695	72950447	60853109	39389155	15403092	1984272	62562	834	12	0	0	0	
0	0	0	0	0	0	0	0	0	0	0	0	0	0	0	0	0	0	9	23	41	123	311	510	897	1097	1514	2305	3538	4992	7542	10544	15749	22930	32766	48646	70478	115602	204182	386622	775541	1489361	2478078	4004699	5899005	8202627	11281413	14269173	17479861	20491881	21341373	21518475	21750121	21031280	20938346	20967962	22590027	25039687	29959206	35854582	42590396	51919242	62813423	77157478	91831303	108988232	131431821	150603078	172540752	184086915	186370777	190161214	198206981	212282083	220560745	224578264	227767580	224833968	220245451	217828339	215113053	202729845	181066604	156185245	122075106	86631963	57790248	39253922	28232841	22387524	20650990	18623289	17820310	17376845	16822466	17321180	17041097	17484637	18008512	18284418	18788762	19412457	19951640	21090234	23265809	23191880	24175015	26074491	28636666	29654919	31109133	34646608	35394331	37953043	41302589	40877133	38449411	36674109	31599640	22874391	12122894	3529498	331303	8973	191	0	0	0	0	
0	0	0	0	0	0	0	0	0	0	0	0	0	0	0	0	0	2	16	45	76	223	425	691	1042	1375	2284	3418	4627	6918	9768	13720	19721	27385	39257	57087	85050	143772	242297	467379	921746	1685061	2694768	4233044	6189077	8409636	11171758	14385038	17981288	19776443	20620850	21255526	20471132	20453944	20419207	20947512	22647652	25285385	30262763	35422918	42386330	52630879	64082344	78376595	93650768	110916134	133848572	154234806	178851808	193341051	191153710	188606064	190605092	199456368	201222080	200490335	208830831	211762288	212472957	215960672	216283501	200040584	171047313	142940263	108436869	75718760	48764537	32704011	22917825	18155627	17066178	15428853	14954299	14551049	14068639	14650035	14140040	14298601	14759861	14722291	15139333	15499260	15693237	16176042	17344829	17294826	18145436	18832629	19939082	20013088	20757092	22262488	21758416	22767418	23176605	21417485	18878780	16583874	12509990	7540605	3208414	647632	42663	664	15	0	0	0	0	
0	0	0	0	0	0	0	0	0	0	0	0	0	0	0	0	2	7	39	70	156	375	617	988	1509	2100	2954	4376	6104	8711	12251	17686	24242	33655	46922	66543	102570	169163	289519	571378	1052689	1816516	2824843	4350898	6390574	8836040	11234679	14409359	18224134	19365544	20115050	20817731	19878199	19730377	19947103	21031967	23242900	25708038	30452137	35466435	42780935	53002111	64924461	80018272	95773414	114205996	139429871	160535939	187210214	204174702	204310329	195039171	192060861	195664565	195010616	195353133	206087714	211169124	217135676	223663917	219837883	196568679	159429907	126983285	93573206	63899973	40051549	26458628	18545338	15099163	14398851	12818136	12458227	12032352	11717151	12300720	11508250	11445768	11532331	11490768	11683641	11742050	11891073	11820143	12278051	12201555	12811641	12866976	13120289	13149349	13334244	13421208	12547764	12680926	12000167	10367384	8615623	6567915	4245549	2079785	647609	87312	3874	27	0	0	0	0	0	
0	0	0	0	0	0	0	0	0	0	0	0	0	0	0	0	8	32	56	176	350	628	1071	1494	2092	2707	3943	5760	7732	10995	15996	21875	29324	40427	55633	79852	123614	206780	349641	678583	1192675	1922693	2970606	4454368	6561820	9268319	11571925	14496369	18078819	19094186	19787920	20244889	19823082	19313069	19396516	21104027	23696663	25855647	30730693	36317394	43506314	53876020	64326603	80489344	96724943	117750579	147266044	168670805	196085225	217005788	222096339	209015822	204163943	201324276	202245506	203350240	215353193	221504422	232794454	232571827	217724044	188377708	145826189	107950694	76283426	51739601	32128381	20786186	15059642	12718510	12015050	10728706	10154950	9685462	9457485	9597069	9074136	8874257	8851643	8654885	8716943	8531276	8646013	8465575	8361684	8120036	8368061	8315048	8190910	7947441	7767047	7488285	6720337	6396355	5538353	4436492	3296579	2228511	1201213	451234	98942	7881	125	0	0	0	0	0	0	
0	0	0	0	0	0	0	0	0	0	0	0	0	0	0	7	14	41	90	274	541	883	1423	1874	2526	3473	5387	7199	9894	13753	19421	26364	35435	48106	66304	95393	150481	251176	422507	779202	1306446	2041720	3094654	4553995	6729917	9731980	12290911	14859345	18117207	19379597	19546290	19913612	19708011	19380397	19545426	21544810	24479759	26589640	31116006	37399190	44818469	54788574	65347432	81027716	98657219	122028965	153157859	178720618	207179410	231712051	242453777	230190350	223078997	216513830	215047564	220717142	229605303	238381842	251301593	239949198	211023414	173386226	127695269	87778859	59611143	39460584	24955955	16649201	12355217	10573647	9758316	8746530	7947951	7538614	7302116	7209573	6857854	6597533	6413029	6278389	6193522	5900526	5817500	5547184	5311144	5040034	5055513	4953546	4731312	4464746	4062356	3731561	3275266	2853478	2251863	1605931	1053210	591211	249291	67635	8740	249	1	0	0	0	0	0	0	
0	0	0	0	0	0	0	0	0	0	0	0	0	0	3	8	30	71	209	393	735	1247	1788	2317	3493	4695	6601	9291	12752	17173	24065	31152	42243	57184	77301	114586	179172	304584	493178	870537	1444287	2139082	3284357	4853283	7026158	10103269	13126866	15529593	18364174	19731485	19385299	19795281	20024733	20075737	20386477	22301103	25361534	27451884	31905753	38436132	45611735	56272081	66083633	82357367	101123402	125714594	158000081	187622014	217657824	246636654	261351627	254121492	248518580	237888339	236218398	244148057	252150209	263499793	267148210	245621876	202812742	153485933	105673484	68514699	45762504	29431202	19119745	13312221	9939521	8316415	7441809	6756979	6013499	5724682	5496443	5158745	4874984	4608915	4357449	4207746	3984698	3774393	3531835	3367270	3178225	2888946	2786878	2641772	2411435	2201887	1879135	1641605	1355803	1056218	739887	483136	261144	112397	34229	5690	314	9	0	0	0	0	0	0	0	
0	0	0	0	0	0	0	0	0	0	0	0	0	0	5	14	63	187	411	653	1113	1640	2210	3209	4555	6017	8233	11732	16246	21458	27896	36746	49902	67550	93232	134694	219050	364413	580946	982427	1560606	2262430	3558619	5303070	7480928	10527316	13882306	16286440	18727471	19935599	19404761	20045466	20504317	20780644	21414167	23267888	25604701	28330213	33015280	39535948	46886577	57219201	67341549	84379355	103476859	129619800	161508644	197476111	228898276	264746449	282771961	283652319	278168384	266014735	266850174	272825418	282287337	291591784	277538799	243661062	188395794	130966372	84484462	51723484	34260289	21270501	14212123	10356751	7666698	6209721	5445275	4876357	4201727	3937679	3666318	3379891	3122210	2865406	2673867	2550668	2335848	2152192	1966404	1802055	1685307	1480040	1363443	1203801	1051826	918655	723154	584953	446641	312724	192535	106394	44905	13625	2517	168	21	0	0	0	0	0	0	0	0	
0	0	0	0	0	0	0	0	0	0	0	0	0	0	17	38	117	289	524	905	1366	1985	3012	4337	5736	7979	10352	14206	19487	24913	33240	42636	57220	81679	112883	163506	260646	437231	671957	1102132	1723992	2459767	3877150	5782447	8051029	11079663	14496661	16981451	18728853	19939777	19834958	20621139	20986330	21350694	22697965	24293980	26142265	29286612	34139213	40102047	47566720	58051710	69180351	86495061	106639628	134263764	166546135	204855555	242019091	283423887	308328483	314824450	312255873	306120985	307749841	307410867	317754831	317424948	277255083	227901937	164322574	106645559	65485088	38236311	24492844	15104712	10093076	7553731	5575351	4361223	3600609	3185303	2648849	2422193	2241765	2026435	1821635	1620535	1500659	1371631	1176200	1064976	933963	856800	772198	648551	568749	482333	390458	318158	226038	167883	114638	67649	36347	15460	4367	735	71	0	0	0	0	0	0	0	0	0	0	
0	0	0	0	0	0	0	0	0	0	0	0	0	6	32	130	240	459	776	1227	1805	2703	3889	5377	7396	9942	13299	17273	23040	30485	39211	49429	66897	96090	135395	195572	311328	519238	770085	1201241	1887526	2717183	4197768	6220463	8820171	11701736	14972710	17697992	18755930	20044948	20384564	21144091	21370653	22078006	23746968	25073265	26867020	30186891	34833878	40371557	48332353	59434490	70595828	88514436	109177221	137437244	170244300	210268565	252149182	298751616	330619468	345480066	351788516	354535709	353717637	349832233	347317836	329907463	266747374	199018779	133673024	82936814	49174920	27715127	17077837	10408567	6933781	5146002	3775079	2849829	2226396	1902677	1544298	1333934	1212293	1072099	922755	807231	728461	626962	520059	449071	385025	340146	291141	227266	193294	151972	113931	83810	53656	35623	20201	9729	4086	1114	199	7	0	0	0	0	0	0	0	0	0	0	0	
0	0	0	0	0	0	0	0	0	0	0	0	0	18	91	214	412	783	1239	1885	2773	3983	5149	6952	9386	12565	15892	19794	26869	35404	45179	57942	79849	114355	163114	239944	375926	616801	887050	1331431	2069861	3019690	4566396	6576483	9455543	12456199	15228993	18204733	19177431	20269104	20930720	21344492	21774737	22936892	24332226	25360504	27691460	31042542	35635083	41020616	49474312	60557858	71087220	89158057	109807105	139298102	173074544	214321363	262975782	312792607	352361186	375220529	389234570	400338602	392781524	384714970	361902049	324331838	245657258	165017692	103862267	62705630	36324624	19654887	11564004	7040834	4649414	3388247	2439190	1765630	1295931	1038714	796411	640733	556792	467044	393990	337129	288619	238417	192577	160075	130715	108283	84870	62944	49157	35898	23699	15570	8618	4554	2431	793	268	37	4	0	0	0	0	0	0	0	0	0	0	0	0	
0	0	0	0	0	0	0	0	0	0	0	1	11	48	195	383	699	1123	1686	2693	3888	5076	6957	8778	11296	14992	18946	24256	32821	41969	54260	69408	93634	136603	198677	296426	447448	717051	1024182	1483213	2298215	3431413	4981565	6999436	10135771	13082420	15532961	18514292	19643941	20603637	21547968	21481306	22252298	23363436	24754258	25783128	28963675	32103990	35995185	41201527	50034527	61056428	71320039	88288650	110860697	139862570	172836607	219130887	272963954	322384622	373005960	398192294	418907879	432988749	424157392	405135991	354649259	290509804	207464170	130693973	79095830	47508418	26927650	13926367	7696625	4740436	3201845	2214185	1577019	1077267	726561	515759	360022	266076	210602	171905	143261	115909	94281	74478	57312	44680	33862	26064	18194	12784	8947	5812	3220	1755	803	361	128	11	0	0	0	0	0	0	0	0	0	0	0	0	0	0	0	
0	0	0	0	0	0	0	0	0	0	0	9	39	138	322	559	924	1591	2293	3353	4576	6209	8415	10723	13881	17349	22777	28975	37748	49602	63785	81118	110704	164332	238719	356858	526630	812964	1145736	1674372	2584229	3773907	5448450	7548966	10570258	13406279	15821364	18826130	20018909	20888062	22021214	21803871	22586423	23805219	24838904	26152221	29185916	32462979	36135979	41033229	49432951	60909863	71441361	87715400	109677486	139172732	172301689	218792555	274688980	325346169	388098366	417012821	440099467	454280131	434954929	406157098	328212768	242315906	163115389	101037308	61124709	36063323	20051540	10135341	5297593	3366800	2308439	1540893	1042072	705015	442902	274122	159916	98814	68492	52533	43298	32418	24058	17854	13138	9218	6535	4243	2891	1691	965	533	278	63	24	21	0	0	0	0	0	0	0	0	0	0	0	0	0	0	0	0	0	
0	0	0	0	0	0	0	0	0	0	2	32	112	198	467	809	1479	2100	3054	4214	5750	7898	10099	12851	16265	20751	25962	33308	42295	56200	74204	93581	133133	195459	287737	427412	609127	914570	1282350	1886984	2816373	4107613	5841610	8051318	11053148	13741591	16100511	18946724	20070520	20839449	22092301	22071095	22533145	23654651	25021496	25996177	28440395	32353671	36556533	40216023	47649606	59757301	71035639	85711339	106796760	136832203	171188618	215864248	271250902	322832669	388190201	423965462	445400255	455151502	420299211	375548255	285352540	189867923	123787261	79438909	49230064	28636091	15036126	7397902	3906876	2586506	1758536	1190313	815089	535709	327327	181804	89877	42186	22288	14624	10799	7195	4885	3419	2220	1443	958	593	319	123	62	26	15	1	0	0	0	0	0	0	0	0	0	0	0	0	0	0	0	0	0	0	0	
0	0	0	0	0	0	0	0	0	0	10	73	212	326	691	1232	1950	2745	3894	5104	6859	9259	11895	15038	19196	23839	29879	38679	49020	64315	86248	112374	156760	233549	344577	500307	701692	1020217	1444280	2092686	3064711	4368140	6198658	8564013	11420191	14043384	16334686	18982797	19745611	20268770	21429349	21732513	22066211	22992155	24653127	25202260	27221099	31259588	35878924	39515578	45783506	57920802	68861604	81849998	102031109	130007125	167163470	209032353	257393341	316062460	372703435	413644098	432255916	433898011	381987882	317745291	229759320	144138647	95645531	64271418	40416837	23058444	11429217	5547269	3073315	2073065	1464605	1019750	711071	480558	293276	153854	72072	29205	9663	4095	2361	1613	1056	656	397	220	149	66	31	11	1	1	0	0	0	0	0	0	0	0	0	0	0	0	0	0	0	0	0	0	0	0	0	
0	0	0	0	0	0	0	0	0	3	36	146	273	456	901	1705	2500	3504	4800	6211	8267	11136	13968	17532	21958	27502	34318	44817	56760	74273	100784	137203	193666	277543	405663	585936	806328	1157237	1617613	2273035	3221071	4585640	6474701	8827452	11485499	14079387	16028660	18450036	19320746	19868657	20590332	20898667	21500366	21974694	23564462	24006587	25664249	29356851	33893077	38287073	43800791	54287919	65072598	77658150	94784511	120758336	156088626	194020596	237679111	292790621	341948931	376243796	393663504	382563752	320850841	244177882	170906906	111476877	76753818	52433019	33309656	18652819	8883995	4389876	2613415	1760951	1291691	923305	650391	446318	269201	148471	68321	26104	7800	1835	648	363	271	129	60	36	14	9	11	6	1	0	0	0	0	0	0	0	0	0	0	0	0	0	0	0	0	0	0	0	0	0	0	
0	0	0	0	0	0	0	0	2	20	72	198	428	786	1418	2272	3042	4663	5869	7409	9581	13245	15894	20207	24844	30909	39883	51481	65402	87861	121378	164101	235034	332289	473338	680645	909748	1298140	1785203	2417796	3378997	4762301	6583834	8870459	11254078	13857941	15677791	17566274	18622419	19173272	19403638	19709134	20362136	20127848	21616337	22390776	23736001	27354849	31114584	35418214	40805174	49741185	60562587	72091796	86602736	109254496	140744089	171789285	210767538	259699354	299222974	318385706	334826337	308394117	248432815	178366696	125079213	88852495	63780172	44416439	27676663	14908169	7144688	3667470	2255025	1571057	1162383	848669	602698	415519	252839	141486	68500	25773	7380	1452	245	104	51	14	1	4	1	1	2	0	0	0	0	0	0	0	0	0	0	0	0	0	0	0	0	0	0	0	0	0	0	0	0	
0	0	0	0	0	0	0	2	16	44	141	354	650	1267	1924	2699	3969	5481	6922	8806	11837	14891	17338	22519	28617	36050	45946	58101	76007	108200	145665	197930	279748	389913	553385	769203	1002568	1395526	1918869	2579808	3520582	4805678	6636677	8766844	10872608	13246673	14761254	16290356	17433779	17926180	17860661	18065408	18817193	18042219	18960083	20231715	21574363	24611873	27331625	31888002	36376761	43768721	54003852	65345728	77287696	95195415	120211224	147323225	179495198	219101720	246134589	260116943	266746989	231675673	181056524	130907481	93659905	72874385	53192899	37407626	23283596	12106672	5800274	3131708	2016643	1439953	1060684	760632	550185	372696	230265	132379	64508	24094	6881	1241	179	38	5	1	0	0	0	0	0	0	0	0	0	0	0	0	0	0	0	0	0	0	0	0	0	0	0	0	0	0	0	0	0	
0	0	0	0	0	0	1	15	31	70	230	545	1150	1739	2568	3361	4894	6401	8211	10897	13306	16985	20082	25133	33058	41255	52966	68609	89645	127330	178469	236823	329032	460491	633445	869092	1109484	1492746	2023338	2670846	3576619	4751302	6538857	8500912	10302246	12310677	13660060	14693909	15564113	15831274	15865812	15884630	16419500	15774204	16269235	17654259	18889678	21053979	23521300	27652670	31970766	37792953	46628137	55527020	66626238	81991176	100036728	123445697	149909623	176397768	193928241	202234590	197462970	164158859	130285517	98426865	74154778	59986977	44443495	31335115	19638628	9675072	4713693	2730457	1791476	1295567	941797	670441	489491	326576	204125	112517	54564	19713	5775	1243	194	34	0	0	0	0	0	0	0	0	0	0	0	0	0	0	0	0	0	0	0	0	0	0	0	0	0	0	0	0	0	0	0	
0	0	0	0	0	0	6	19	54	186	391	799	1446	2322	3186	4214	5701	7623	9576	12115	15385	18952	22758	28300	38070	46945	61449	84311	110024	151910	211945	283741	391361	533368	710384	958654	1198275	1539892	2057191	2732207	3543311	4689451	6307949	7949500	9423179	11209619	12307906	13179101	13464012	13542570	13536662	13438280	13521872	13275013	13790379	14728132	15945078	17864019	19921853	23421045	27369653	31985335	37782963	45350441	55476556	68000821	81658320	99159172	119679266	138020344	144844778	150964091	141818100	116140390	96456274	76833480	60642427	49643834	37052448	26099287	16038648	7768547	3857961	2409922	1566425	1117554	811842	578199	409975	268137	163160	88115	40251	15106	4267	1145	214	18	0	0	0	0	0	0	0	0	0	0	0	0	0	0	0	0	0	0	0	0	0	0	0	0	0	0	0	0	0	0	0	
0	0	0	0	0	1	8	46	111	321	607	1081	1857	2688	3794	5074	6678	8785	10712	13689	17018	21825	25758	32411	43567	56621	73075	102382	137707	182335	247719	339086	461209	606436	791055	1035405	1271767	1529208	2013560	2702813	3437105	4483462	5817275	7243971	8485397	9791425	10538085	11447622	11497633	11169047	11063147	11015097	11022953	11091850	11581633	12229838	13228821	14789620	16943749	19882422	23034571	26481548	31120444	36898313	45125161	54644018	66402607	79649216	93470415	105945302	108031540	110233403	102287670	86671005	73942359	61611387	50722861	41101675	31018525	21704966	12949113	6215146	3173282	2032081	1302996	922807	657342	464001	318275	199438	119057	61999	27112	10339	3184	962	237	5	0	0	0	0	0	0	0	0	0	0	0	0	0	0	0	0	0	0	0	0	0	0	0	0	0	0	0	0	0	0	0	
0	0	0	0	1	8	29	56	266	521	923	1402	2269	3116	4550	5870	7679	9717	11977	14939	19666	24888	29650	37833	51824	66871	86795	121411	166853	219392	292125	391679	519730	677381	854488	1084310	1325212	1527994	1891312	2521534	3206130	4095689	5251696	6398545	7407334	8324002	8616438	9321279	9374508	8857883	8773315	8733514	8847889	9074739	9441585	10038283	10798106	12265588	14173121	16468505	18662240	21721594	25888718	30969821	37133366	44883633	54895959	64626655	73121013	82590110	83735614	82508949	76804507	66645648	58108275	49945234	42038069	33903495	25846819	17650238	10197698	4908040	2621583	1664750	1042232	716215	491656	337606	223769	134499	79422	40479	17293	7019	2204	802	198	12	0	0	0	0	0	0	0	0	0	0	0	0	0	0	0	0	0	0	0	0	0	0	0	0	0	0	0	0	0	0	0	
0	0	0	1	6	10	47	165	367	706	1133	1865	2795	3947	5215	6586	8218	10730	13147	16943	22234	28323	34212	44034	60561	80842	105682	141714	197214	264127	342525	437567	575152	735006	895963	1092544	1332219	1511129	1743681	2297791	2890575	3645564	4545119	5363920	6140614	6852475	6866220	7166716	7299418	6971365	6892776	6912518	6925345	7228038	7543728	8078938	8885942	9912367	11537879	13276896	15194655	17899894	21488845	26319101	31406990	37615082	46638750	53207977	59786638	66730526	67112746	65067365	60478591	52624691	46111885	40252926	34378141	27766854	21263089	14091490	7799278	3936133	2132612	1320252	796785	533798	353340	231125	147159	87653	49879	25626	11043	5302	1837	603	161	21	0	0	0	0	0	0	0	0	0	0	0	0	0	0	0	0	0	0	0	0	0	0	0	0	0	0	0	0	0	0	0	
0	0	0	7	6	34	147	292	530	964	1446	2221	3306	4313	5888	7112	9199	11977	14248	18776	25242	32342	39084	51552	70928	98066	130536	166455	228456	303973	394534	489706	627541	761649	893736	1060641	1265799	1438876	1599369	1975049	2527122	3075384	3723952	4288392	4785879	5387709	5341863	5358553	5625776	5466210	5351815	5413241	5509956	5708129	6002643	6472885	7243121	8122813	9536769	10882271	12609711	15113379	18167287	22456387	27052044	32424107	40162296	45355362	51077020	55134173	54200013	53073105	49483049	42975148	37277434	32603152	28009545	22523192	16930223	11242102	6131729	3105875	1708779	1017744	604214	391919	248507	157227	97206	57774	31909	16914	8111	3947	1477	585	152	47	0	0	0	0	0	0	0	0	0	0	0	0	0	0	0	0	0	0	0	0	0	0	0	0	0	0	0	0	0	0	0	
0	0	4	12	28	113	232	459	753	1223	1847	2850	3846	4597	6258	7861	10104	12995	16317	21275	28508	36957	45583	60932	85806	117113	155883	200989	267565	343895	441401	532440	654989	778825	870087	999957	1160633	1297059	1431952	1690825	2111955	2528579	2950434	3278328	3690691	4061267	4117650	4118641	4294628	4288842	4161872	4231810	4377871	4532273	4832755	5205303	5905343	6899233	7982744	9167924	10755626	13029105	15857641	19334231	23987672	28550485	35018173	39382270	44079025	45959431	43953772	43430239	40373102	35065149	29770076	26128077	22758785	18200180	13455381	8864657	4809333	2460852	1392899	799114	457105	285282	171848	105341	65052	38296	22174	12168	6304	2772	1123	496	110	26	0	0	0	0	0	0	0	0	0	0	0	0	0	0	0	0	0	0	0	0	0	0	0	0	0	0	0	0	0	0	0	
0	0	9	14	70	221	355	529	960	1437	2253	3189	3958	5002	6758	8854	11250	14411	18369	23351	32462	42645	54856	73938	103880	140348	184637	238522	311877	384344	468837	557115	677078	763836	822411	919784	1004126	1118874	1249603	1410569	1686534	2011670	2315809	2496917	2793614	3079844	3213976	3257379	3333452	3297199	3257129	3344431	3455592	3694113	3971575	4328190	4995141	5843343	6788237	7896118	9296367	11326053	13830881	17152685	21583817	25434085	29972166	33909774	37913389	38140142	35783121	35261266	32708785	27918317	23556153	20609389	18157733	14400786	10506573	6852495	3775358	1976832	1129168	640237	352357	206407	120471	73978	44877	26796	14890	8299	4573	2146	918	283	63	36	0	0	0	0	0	0	0	0	0	0	0	0	0	0	0	0	0	0	0	0	0	0	0	0	0	0	0	0	0	0	0	
0	0	6	66	155	267	426	679	1238	1798	2511	3106	3957	5511	7262	9713	12108	16304	20602	27332	37213	51682	67746	89128	124645	167688	209434	272247	349492	416851	488848	564918	655488	719413	763449	815265	846003	932304	1057002	1146704	1325899	1595944	1777530	1917322	2157462	2372304	2525507	2598376	2539521	2537532	2569701	2594979	2780695	3030951	3363781	3688855	4240785	4966609	5704429	6735471	8207723	9915892	12321034	15639152	19539646	22745036	26163444	29371896	31897378	31628264	29775541	28196586	25538844	21554632	18285415	16077095	14259955	11438888	8153360	5290118	2972737	1592751	938729	523795	279322	155505	86842	52029	32685	19137	10744	6073	3040	1543	561	130	21	8	0	0	0	0	0	0	0	0	0	0	0	0	0	0	0	0	0	0	0	0	0	0	0	0	0	0	0	0	0	0	0	
0	16	36	123	224	302	529	866	1414	2085	2651	3362	4418	5914	7973	10412	13670	18330	24482	32393	44703	62251	80512	106188	150307	197270	234551	296338	382403	443933	492088	542202	609182	658674	665816	707583	709740	772997	889273	925581	1046566	1255545	1361694	1511616	1713245	1849671	1982549	2015260	1998053	2025662	2081869	2072829	2283657	2533753	2832100	3194719	3674777	4277205	4910160	6069178	7465183	8844262	11067796	14243752	17234616	19903281	22955323	24976136	26542007	25446076	23853333	21819837	19169308	16234626	14106235	12662767	10996844	8948706	6358735	4060579	2395453	1312444	778826	418814	213510	116295	64610	37794	23820	14065	7842	4367	2284	1074	357	74	1	0	0	0	0	0	0	0	0	0	0	0	0	0	0	0	0	0	0	0	0	0	0	0	0	0	0	0	0	0	0	0	0	
46	65	56	137	216	375	607	1092	1642	2337	2919	3578	4743	6643	8536	11377	15873	21076	28159	39576	52501	73702	99933	130229	176802	227568	263359	317261	399460	435886	480586	510500	538167	576024	579117	606517	600594	657299	724697	751895	836912	982066	1072939	1217312	1381268	1457934	1546836	1580721	1585374	1620829	1687175	1706661	1896413	2154375	2416793	2752263	3236548	3753901	4327080	5466661	6761221	8168838	9930799	12356494	14811102	17089385	19270845	20469700	21057414	19699211	18003290	15920900	14007933	12373398	10963503	9956362	8452009	6893281	4904836	3069353	1943047	1080222	635764	335597	161410	84214	46973	27400	16450	9853	5466	3169	1497	708	276	54	0	0	0	0	0	0	0	0	0	0	0	0	0	0	0	0	0	0	0	0	0	0	0	0	0	0	0	0	0	0	0	0	0	
95	38	72	111	262	422	716	1175	1742	2312	2873	3820	5350	7213	9336	13003	18182	24941	34584	47235	63431	89209	121368	153287	200369	254976	290711	332979	390705	413925	465781	467942	454894	494587	496366	508562	503291	539607	594201	626346	690468	787505	854808	999407	1116679	1167753	1219204	1229536	1231629	1289462	1353081	1433034	1586390	1796775	2044284	2377721	2822434	3348157	3934692	4926188	6002142	7409215	8931701	10467538	12607113	14043259	15638224	16311946	15812090	14653296	13063618	11283795	10116277	9251385	8189315	7529373	6326835	5055732	3593512	2322348	1536975	885922	501010	257273	119638	58197	32469	19046	11089	6559	3799	2068	1162	471	137	19	0	0	0	0	0	0	0	0	0	0	0	0	0	0	0	0	0	0	0	0	0	0	0	0	0	0	0	0	0	0	0	0	0	
101	82	98	208	329	513	770	1213	1755	2389	3011	4311	5828	8139	10717	15269	21807	30497	41572	56751	79601	108712	143366	177711	221513	267243	297358	333571	362641	373292	423574	420120	386171	412881	429459	443734	427608	451719	487637	523704	582652	639983	704442	820012	891861	919408	949169	946377	960957	1017555	1098095	1206415	1335063	1525339	1783153	2101110	2487396	2946128	3591316	4326697	5344659	6610280	7779051	8758371	10572747	11328578	11996753	12116637	11378866	10337635	9138565	7988576	7241767	6716915	6026790	5465213	4709309	3660538	2639450	1769522	1181791	708479	385685	191874	85766	40114	22485	12897	7340	4212	2323	1375	709	246	61	4	0	0	0	0	0	0	0	0	0	0	0	0	0	0	0	0	0	0	0	0	0	0	0	0	0	0	0	0	0	0	0	0	0	
71	116	95	230	393	492	834	1205	1816	2533	3350	4673	6705	9415	12826	18828	26865	37547	50653	69977	96307	130480	163500	196054	234996	270833	299804	322066	335030	330404	372439	365445	334932	347143	375136	383128	356415	381420	401262	445339	485764	524669	587926	671275	699299	703368	735128	751111	771239	827550	904983	1038968	1162274	1352397	1596489	1862228	2235375	2647698	3215224	3851806	4672374	5769012	6506429	7293043	8460107	8639431	8768370	8511199	7767435	7060553	6293346	5551957	5145519	4902118	4446717	3994059	3420870	2618974	1912907	1336619	907510	543578	281949	134434	58389	25807	14209	8189	4320	2627	1531	803	460	177	35	2	0	0	0	0	0	0	0	0	0	0	0	0	0	0	0	0	0	0	0	0	0	0	0	0	0	0	0	0	0	0	0	0	0	
124	85	133	244	353	626	894	1374	1977	2802	3794	5676	8161	11275	15412	21732	31841	45055	61368	82689	112648	149383	177175	206808	246454	265803	285227	299044	300255	289363	313137	318003	300247	294890	313723	322256	298836	313416	334123	368767	402309	422111	486051	541983	538554	547414	589757	605571	644960	704150	774654	894895	1037814	1222892	1441574	1671113	2030978	2332100	2871811	3453690	4030381	4832325	5220921	5812437	6394163	6208683	6034493	5680524	5118660	4779500	4272113	3866154	3654616	3494506	3200021	2819127	2373006	1817827	1376078	986959	666600	398678	197009	88792	36849	16322	8481	4649	2610	1555	873	390	170	58	13	0	0	0	0	0	0	0	0	0	0	0	0	0	0	0	0	0	0	0	0	0	0	0	0	0	0	0	0	0	0	0	0	0	0	
150	111	180	235	375	640	1057	1554	2137	2912	4349	6458	9083	12895	18548	26402	38899	55122	75580	97957	125941	160197	187880	215189	241354	252382	266318	269912	263212	247535	266245	279980	259779	246364	254137	258497	247961	261665	279717	305744	326900	341267	388213	421904	420180	436267	475872	508259	547164	606957	691880	797551	927949	1104571	1305622	1505132	1813340	2048163	2527735	2998433	3404982	3932291	4043109	4339128	4571671	4313122	4007619	3703906	3341713	3202248	2928969	2691736	2539172	2406863	2232555	1914710	1606514	1288479	995529	717207	470258	279204	134882	53212	20684	9429	4715	2557	1544	999	442	231	104	15	0	0	0	0	0	0	0	0	0	0	0	0	0	0	0	0	0	0	0	0	0	0	0	0	0	0	0	0	0	0	0	0	0	0	0	
139	113	133	207	381	627	1008	1487	2215	3309	5128	7208	10112	15178	22548	33231	47352	65851	89257	114137	137631	166739	190284	208586	226139	237325	241195	236066	227363	214547	223818	232114	216085	204312	205321	201035	201142	220412	226743	242797	263926	282411	307482	331588	350392	370292	398153	431869	491607	548213	634357	729436	830732	979764	1156218	1335700	1591322	1750301	2171300	2517198	2773613	3100084	2995891	3170371	3204464	2891578	2650527	2438036	2227592	2173897	2012323	1895264	1773743	1634443	1507240	1267411	1090276	884949	700472	501665	325843	183108	83296	30858	11052	4888	2538	1288	844	487	226	123	44	5	0	0	0	0	0	0	0	0	0	0	0	0	0	0	0	0	0	0	0	0	0	0	0	0	0	0	0	0	0	0	0	0	0	0	0	
155	85	111	290	347	630	898	1516	2461	3795	5789	8210	12649	18680	28236	42347	57144	77519	104446	127687	147744	166983	186235	195863	205736	210422	212867	205133	197516	184903	187584	187107	174143	164306	163229	159340	162544	173183	179167	194052	213149	234042	248181	267791	300556	323772	345991	387673	458492	511918	579614	655948	753073	857297	1009964	1181931	1372315	1517153	1816425	2010154	2142922	2273748	2192570	2221559	2082644	1894216	1775686	1690151	1573987	1498668	1411652	1336499	1235425	1091871	971663	841171	710382	587641	468924	330382	206730	107877	47499	15400	5154	2446	1370	642	410	229	154	53	16	0	0	0	0	0	0	0	0	0	0	0	0	0	0	0	0	0	0	0	0	0	0	0	0	0	0	0	0	0	0	0	0	0	0	0	0	
176	70	152	254	425	638	1008	1664	2603	4441	6994	10077	15830	23427	34892	51556	68324	87678	113530	134781	146181	161485	178525	181666	181548	179512	178200	177479	165823	155421	148208	147340	136804	130117	128568	122916	123268	134618	143776	155332	177344	197729	210000	234806	258443	290443	313869	356713	422443	478687	529829	604863	688030	747695	872204	1032666	1157301	1284730	1455585	1537644	1608140	1588697	1508173	1491844	1357148	1252167	1221309	1182547	1101934	1052288	981140	921856	828637	717338	622424	552159	475164	385640	309440	212304	124318	61416	24100	6723	2460	1277	675	351	247	106	35	16	2	0	0	0	0	0	0	0	0	0	0	0	0	0	0	0	0	0	0	0	0	0	0	0	0	0	0	0	0	0	0	0	0	0	0	0	0	
172	86	164	195	409	608	1119	1875	3021	5171	7992	12453	19019	28755	43923	59361	76988	95600	117488	134462	143661	148885	162268	162961	153170	148033	146789	141144	133733	122902	117243	112221	104243	99166	96821	94133	96338	107321	118325	130846	151289	173447	188649	212959	235248	264223	288198	335221	398452	436224	483367	545010	600390	660080	748224	879971	963139	1033950	1113311	1143710	1164604	1075943	1009865	995439	918553	859562	858743	837264	775177	722321	675010	595383	534407	466910	394189	352615	305277	248316	191425	126788	69824	31370	10201	2746	988	560	227	225	67	8	8	4	0	0	0	0	0	0	0	0	0	0	0	0	0	0	0	0	0	0	0	0	0	0	0	0	0	0	0	0	0	0	0	0	0	0	0	0	0	
137	70	122	248	401	681	1253	2080	3493	5643	9475	15091	23032	36300	52640	66110	82026	99863	113742	127959	132877	131806	137610	136106	124537	122689	114988	109632	105251	94603	87749	82110	78319	71541	70186	71024	79365	89924	99673	114193	137240	159145	168662	196553	224465	246309	268768	311212	365985	374711	423168	467344	516249	564315	637328	713048	759574	793378	808185	800617	806669	739419	687667	689420	649102	602366	611557	585144	520998	489951	442362	368432	331570	300618	251333	216059	193786	152386	112851	70433	36116	13530	3640	920	373	232	122	60	23	3	0	0	0	0	0	0	0	0	0	0	0	0	0	0	0	0	0	0	0	0	0	0	0	0	0	0	0	0	0	0	0	0	0	0	0	0	0	0	0	
87	60	119	248	461	837	1306	2244	4124	6762	11408	17847	27247	41284	56795	68757	84109	97225	105928	115634	113713	109425	114161	109242	101401	95595	85156	78530	77394	68623	61044	57967	54325	51608	52915	57405	67544	78069	88781	102116	123012	146624	158835	182828	215311	236699	252298	279937	320067	336971	363609	393280	431420	485921	519535	548718	594360	594208	574468	556131	551677	513862	483260	498735	469948	430058	429238	386802	336026	319895	274414	225082	198530	186047	156486	133420	117022	87768	62380	35968	16334	5041	1069	312	160	62	46	15	0	0	0	0	0	0	0	0	0	0	0	0	0	0	0	0	0	0	0	0	0	0	0	0	0	0	0	0	0	0	0	0	0	0	0	0	0	0	0	0	0	
95	60	168	292	617	926	1601	3019	5095	8452	14172	22267	32018	45318	58876	68218	79296	91377	92100	96782	95844	88544	87659	82865	77500	69465	62482	57726	54295	47179	43355	40019	38490	39217	41251	47484	58659	71355	85254	96778	114840	137085	150317	170484	204434	225574	234867	252256	275419	290976	303297	326353	354531	402394	406588	414827	441080	424783	410123	384279	382420	370462	347015	348972	328292	296358	278779	238830	205579	190764	160987	134953	115661	111236	94982	82981	69605	47802	30905	16467	6241	1429	220	101	58	10	12	2	0	0	0	0	0	0	0	0	0	0	0	0	0	0	0	0	0	0	0	0	0	0	0	0	0	0	0	0	0	0	0	0	0	0	0	0	0	0	0	0	0	
86	74	143	356	586	1185	2068	3499	5930	10686	17304	26042	35471	48251	58455	63768	72986	77871	75140	77581	73579	67058	65360	59962	53319	48660	43065	38168	36153	32474	28907	27576	28039	30666	35099	42551	50285	64603	79164	89968	105417	130012	143670	161095	185644	202490	212942	220457	232753	246042	265859	270641	290032	318157	310777	310485	321193	300636	288479	277461	272523	263368	243866	231919	215696	189225	168538	144077	120817	107885	92809	81300	70710	66176	57488	49181	37714	24334	14357	6781	2031	304	79	21	11	1	0	0	0	0	0	0	0	0	0	0	0	0	0	0	0	0	0	0	0	0	0	0	0	0	0	0	0	0	0	0	0	0	0	0	0	0	0	0	0	0	0	0	0	
69	90	158	320	699	1314	2321	4358	7410	13192	21204	29503	38468	47562	52666	55982	60868	60785	57551	56857	51706	48627	45119	40162	35229	32765	28654	25135	23231	21143	19936	20020	21798	24634	30916	37976	45861	59068	74755	87358	101991	126761	140891	151873	163130	174927	183945	187412	195012	211879	222404	223718	234285	239971	231663	231945	229757	214946	205131	199941	191412	182280	159703	144877	130949	112011	97797	82086	68788	61946	55259	48684	43890	37815	31146	25837	18798	10685	5668	2224	475	55	27	12	0	0	0	0	0	0	0	0	0	0	0	0	0	0	0	0	0	0	0	0	0	0	0	0	0	0	0	0	0	0	0	0	0	0	0	0	0	0	0	0	0	0	0	0	0	
67	67	174	387	738	1571	2921	5357	9172	15300	23293	30059	35679	41456	44629	45952	45789	44664	41347	38188	35080	31924	29683	26051	22941	20885	18068	15870	15265	14109	14322	15863	18026	21566	27282	36313	44430	57265	72120	86805	98988	118127	131955	139355	146857	151072	154848	163838	165288	172384	179295	179868	185350	179418	173444	168777	163743	153053	140970	135154	126542	118282	98425	86388	74281	61168	52431	45432	39822	34993	30477	29675	24949	20416	16731	12770	8289	4466	1765	614	57	12	3	3	0	0	0	0	0	0	0	0	0	0	0	0	0	0	0	0	0	0	0	0	0	0	0	0	0	0	0	0	0	0	0	0	0	0	0	0	0	0	0	0	0	0	0	0	0	
50	87	188	469	1056	1816	3629	6555	10508	16216	22661	27718	31661	33345	35355	34801	31807	29528	26611	25067	22660	20577	18193	16648	14141	12645	11497	10808	10065	9458	10547	13198	16107	19287	25812	34608	45004	54372	70043	83990	96546	109712	119819	126839	127279	124178	132977	139844	139168	140094	141615	142178	141468	132396	124750	124025	117018	106093	95101	87064	78908	70774	57538	47821	39164	33557	27612	24549	22263	19482	17671	16233	13264	11226	8560	5750	3317	1421	365	85	22	11	2	2	0	0	0	0	0	0	0	0	0	0	0	0	0	0	0	0	0	0	0	0	0	0	0	0	0	0	0	0	0	0	0	0	0	0	0	0	0	0	0	0	0	0	0	0	0	
69	133	224	541	1182	2210	4050	7356	11791	15994	20482	23455	24815	24591	24386	22802	20233	18135	16208	14961	13081	11833	10940	9704	8757	7657	7158	6931	6616	6897	8443	10475	14741	18837	24731	33313	44865	53432	67833	80601	92558	98654	106431	109319	108178	107355	113333	117915	117699	113360	110286	106575	104264	96765	89958	85381	77165	70834	61530	53020	46162	39804	30917	24803	20183	17176	14241	13269	11844	10726	9943	8323	6590	5478	3958	2049	1042	331	74	12	1	2	0	0	0	0	0	0	0	0	0	0	0	0	0	0	0	0	0	0	0	0	0	0	0	0	0	0	0	0	0	0	0	0	0	0	0	0	0	0	0	0	0	0	0	0	0	0	0	
69	139	265	623	1258	2516	4572	7872	11104	13932	15995	17580	16607	15401	14561	13132	11469	10183	9264	8316	7275	6570	6082	5609	5201	4533	4431	4395	4864	5612	6818	9817	14516	18946	23984	33787	44973	54528	65577	76415	83162	85780	92658	91887	92320	92173	96911	97412	95916	90414	83966	78552	75026	69289	61007	55366	48715	43833	36915	30003	24541	20049	16196	13358	10914	8789	7504	6806	6377	5855	5102	3957	2901	2384	1388	652	222	47	30	2	0	0	0	0	0	0	0	0	0	0	0	0	0	0	0	0	0	0	0	0	0	0	0	0	0	0	0	0	0	0	0	0	0	0	0	0	0	0	0	0	0	0	0	0	0	0	0	0	0	
89	160	311	709	1516	3072	5062	7199	9189	10516	11599	10840	9603	8661	7926	7040	6410	5486	5057	4645	4090	3791	3580	3431	2856	2937	2852	2964	3851	4710	6618	9320	13773	19846	24295	33463	43528	53854	60695	67015	73771	73957	76524	76996	78040	78174	79317	76235	74698	66779	60015	56493	53186	46359	39812	34289	29144	24632	19842	15506	12313	9835	8053	6507	5537	4374	3895	3722	3346	2850	2285	1704	1187	841	359	145	37	10	3	0	0	0	0	0	0	0	0	0	0	0	0	0	0	0	0	0	0	0	0	0	0	0	0	0	0	0	0	0	0	0	0	0	0	0	0	0	0	0	0	0	0	0	0	0	0	0	0	0	0	
115	158	431	912	1767	3064	4429	5650	6840	6811	6601	5742	5095	4098	3807	3523	3020	3012	2866	2691	2477	2221	2081	1894	1732	1792	1804	2250	2916	4633	6952	9190	13364	19210	25177	32518	42170	49633	54075	58962	62948	64110	63887	61765	64382	63120	62135	57136	54937	48219	41823	39124	34700	28910	24316	20097	16092	12649	10112	7685	5702	4707	4042	3431	2777	2424	2175	1983	1652	1291	918	656	491	246	93	26	2	0	0	0	0	0	0	0	0	0	0	0	0	0	0	0	0	0	0	0	0	0	0	0	0	0	0	0	0	0	0	0	0	0	0	0	0	0	0	0	0	0	0	0	0	0	0	0	0	0	0	0	0	
121	214	500	923	1566	2587	3337	3679	3858	3269	2977	2591	2201	2023	1754	1784	1750	1659	1601	1449	1335	1294	1172	1171	1152	1098	1284	1866	2824	4614	6360	8981	12799	19024	23979	30550	39012	44241	47660	50741	52160	53913	53435	51322	52713	48500	46353	42155	37058	31723	27146	24578	20477	16552	13594	10508	7724	6205	5056	3751	2879	2281	2189	1704	1242	1309	1040	897	640	546	371	192	150	86	14	2	0	0	0	0	0	0	0	0	0	0	0	0	0	0	0	0	0	0	0	0	0	0	0	0	0	0	0	0	0	0	0	0	0	0	0	0	0	0	0	0	0	0	0	0	0	0	0	0	0	0	0	0	0	
152	242	451	857	1369	1782	1906	1949	1673	1289	1147	976	906	931	911	994	959	855	764	634	720	667	674	615	638	789	1041	1658	2833	4374	5888	8601	12965	18028	23458	28831	35086	38201	40873	43350	43033	44450	42422	40803	39849	35290	31973	28149	24062	19883	16925	14051	11162	9262	7221	5583	3954	3013	2410	1905	1389	1155	1121	789	655	563	471	354	233	157	108	56	36	17	12	0	0	0	0	0	0	0	0	0	0	0	0	0	0	0	0	0	0	0	0	0	0	0	0	0	0	0	0	0	0	0	0	0	0	0	0	0	0	0	0	0	0	0	0	0	0	0	0	0	0	0	0	0	0	
135	243	446	684	812	928	842	678	582	426	382	349	375	435	537	406	408	410	333	387	376	367	350	354	399	626	993	1638	2925	4265	6281	8994	12632	17488	21804	26446	30545	32997	34883	34778	35094	34180	32316	30117	26805	24037	20676	16872	14335	11502	9337	7330	5759	4621	3445	2688	1927	1480	1089	887	605	580	430	426	335	214	137	107	91	79	31	10	4	5	0	0	0	0	0	0	0	0	0	0	0	0	0	0	0	0	0	0	0	0	0	0	0	0	0	0	0	0	0	0	0	0	0	0	0	0	0	0	0	0	0	0	0	0	0	0	0	0	0	0	0	0	0	0	0	
171	251	367	451	417	370	268	205	145	126	147	110	134	208	216	204	201	197	210	263	218	211	204	248	343	609	974	1630	2703	4174	6336	8372	11630	16135	19586	23042	25703	27747	27858	28509	26622	24311	22747	20014	17071	15422	12345	9488	7309	5988	4492	3582	2631	2060	1632	1256	939	761	569	376	285	275	186	147	115	69	28	32	41	25	6	0	0	0	0	0	0	0	0	0	0	0	0	0	0	0	0	0	0	0	0	0	0	0	0	0	0	0	0	0	0	0	0	0	0	0	0	0	0	0	0	0	0	0	0	0	0	0	0	0	0	0	0	0	0	0	0	0	0	
98	123	162	161	123	100	47	45	34	33	46	71	88	80	125	105	97	98	103	92	125	138	127	178	417	712	845	1498	2492	4130	5722	7853	10383	14348	17187	19060	20292	21270	20518	19668	18345	16425	15098	12399	9996	8258	6218	4542	3521	2785	2122	1551	1235	1000	824	653	462	364	278	149	122	71	70	71	57	16	12	7	2	4	0	0	0	0	0	0	0	0	0	0	0	0	0	0	0	0	0	0	0	0	0	0	0	0	0	0	0	0	0	0	0	0	0	0	0	0	0	0	0	0	0	0	0	0	0	0	0	0	0	0	0	0	0	0	0	0	0	0	0	
29	32	53	32	42	23	28	25	21	10	17	13	44	25	38	38	58	40	55	47	67	66	85	157	437	516	815	1431	2495	3540	5548	7072	9733	11954	14406	14762	15927	15555	13701	13188	11629	9759	8699	6841	5095	3913	2575	1858	1492	1263	1009	812	733	553	375	318	183	105	62	41	26	28	20	8	8	2	1	0	0	0	0	0	0	0	0	0	0	0	0	0	0	0	0	0	0	0	0	0	0	0	0	0	0	0	0	0	0	0	0	0	0	0	0	0	0	0	0	0	0	0	0	0	0	0	0	0	0	0	0	0	0	0	0	0	0	0	0	0	0	
33	25	7	11	9	9	6	7	3	0	0	3	7	5	15	15	14	21	8	15	19	36	71	134	244	421	683	1354	2095	3345	4945	6489	7881	10040	10291	10981	10994	10233	8993	7851	6336	5379	4391	3192	2384	1622	1070	724	557	520	473	384	281	205	183	127	74	19	31	18	9	6	0	0	0	0	0	0	0	0	0	0	0	0	0	0	0	0	0	0	0	0	0	0	0	0	0	0	0	0	0	0	0	0	0	0	0	0	0	0	0	0	0	0	0	0	0	0	0	0	0	0	0	0	0	0	0	0	0	0	0	0	0	0	0	0	0	0	0	
9	0	1	5	3	0	0	0	0	0	0	1	1	0	0	5	10	9	4	4	9	32	47	92	209	424	690	1228	1859	2839	4031	4932	6094	7022	7691	7444	6335	6399	4993	4106	3264	2516	1841	1269	1016	602	385	344	296	267	233	156	139	67	33	40	12	13	5	8	2	0	0	0	0	0	0	0	0	0	0	0	0	0	0	0	0	0	0	0	0	0	0	0	0	0	0	0	0	0	0	0	0	0	0	0	0	0	0	0	0	0	0	0	0	0	0	0	0	0	0	0	0	0	0	0	0	0	0	0	0	0	0	0	0	0	0	0	0	
1	0	0	0	0	0	0	0	0	0	0	0	0	0	0	3	6	1	2	4	8	37	41	102	211	357	671	1087	1770	2392	3508	3895	4506	4949	4722	4203	3674	3293	2501	2097	1425	940	697	502	351	239	170	144	129	93	62	60	33	8	6	7	17	9	0	0	0	0	0	0	0	0	0	0	0	0	0	0	0	0	0	0	0	0	0	0	0	0	0	0	0	0	0	0	0	0	0	0	0	0	0	0	0	0	0	0	0	0	0	0	0	0	0	0	0	0	0	0	0	0	0	0	0	0	0	0	0	0	0	0	0	0	0	0	0	
0	0	0	0	0	0	0	0	0	0	0	0	0	0	1	3	1	1	3	10	17	16	50	122	184	392	651	959	1420	2064	2279	2703	3050	2725	2575	2170	1647	1280	1088	783	526	349	246	137	112	63	89	69	43	22	14	13	19	4	2	3	2	0	0	0	0	0	0	0	0	0	0	0	0	0	0	0	0	0	0	0	0	0	0	0	0	0	0	0	0	0	0	0	0	0	0	0	0	0	0	0	0	0	0	0	0	0	0	0	0	0	0	0	0	0	0	0	0	0	0	0	0	0	0	0	0	0	0	0	0	0	0	0	0	
0	0	0	0	0	0	0	0	0	0	0	0	0	0	1	4	0	1	4	5	3	17	59	100	226	387	544	692	1109	1312	1453	1592	1507	1459	1289	996	721	569	414	287	205	95	62	50	42	20	25	12	6	2	3	3	0	0	0	0	0	0	0	0	0	0	0	0	0	0	0	0	0	0	0	0	0	0	0	0	0	0	0	0	0	0	0	0	0	0	0	0	0	0	0	0	0	0	0	0	0	0	0	0	0	0	0	0	0	0	0	0	0	0	0	0	0	0	0	0	0	0	0	0	0	0	0	0	0	0	0	0	0	
0	0	0	0	0	0	0	0	0	0	0	0	0	0	1	0	0	1	3	1	19	21	57	110	172	252	325	556	733	753	802	782	786	690	505	360	275	219	138	106	67	17	28	28	9	6	1	0	0	0	0	0	0	0	0	0	0	0	0	0	0	0	0	0	0	0	0	0	0	0	0	0	0	0	0	0	0	0	0	0	0	0	0	0	0	0	0	0	0	0	0	0	0	0	0	0	0	0	0	0	0	0	0	0	0	0	0	0	0	0	0	0	0	0	0	0	0	0	0	0	0	0	0	0	0	0	0	0	0	
0	0	0	0	0	0	0	0	0	0	0	0	0	0	0	0	0	1	6	12	13	54	55	103	115	151	284	393	515	439	412	377	301	222	181	162	129	69	37	16	6	14	10	11	2	0	0	0	0	0	0	0	0	0	0	0	0	0	0	0	0	0	0	0	0	0	0	0	0	0	0	0	0	0	0	0	0	0	0	0	0	0	0	0	0	0	0	0	0	0	0	0	0	0	0	0	0	0	0	0	0	0	0	0	0	0	0	0	0	0	0	0	0	0	0	0	0	0	0	0	0	0	0	0	0	0	0	0	0	
0	0	0	0	0	0	0	0	0	0	0	0	0	0	0	0	0	1	2	20	27	43	65	83	80	92	147	240	261	188	174	118	83	85	94	39	34	24	15	1	0	1	2	1	1	0	0	0	0	0	0	0	0	0	0	0	0	0	0	0	0	0	0	0	0	0	0	0	0	0	0	0	0	0	0	0	0	0	0	0	0	0	0	0	0	0	0	0	0	0	0	0	0	0	0	0	0	0	0	0	0	0	0	0	0	0	0	0	0	0	0	0	0	0	0	0	0	0	0	0	0	0	0	0	0	0	0	0	0	
0	0	0	0	0	0	0	0	0	0	0	0	0	0	0	0	0	0	5	9	20	30	53	45	37	53	87	133	103	97	61	34	29	46	24	21	15	1	0	0	0	0	0	0	0	0	0	0	0	0	0	0	0	0	0	0	0	0	0	0	0	0	0	0	0	0	0	0	0	0	0	0	0	0	0	0	0	0	0	0	0	0	0	0	0	0	0	0	0	0	0	0	0	0	0	0	0	0	0	0	0	0	0	0	0	0	0	0	0	0	0	0	0	0	0	0	0	0	0	0	0	0	0	0	0	0	0	0	0	
0	0	0	0	0	0	0	0	0	0	0	0	0	0	0	0	0	0	1	3	22	44	47	47	43	52	68	90	55	71	40	47	33	17	15	9	6	0	0	0	0	0	0	0	0	0	0	0	0	0	0	0	0	0	0	0	0	0	0	0	0	0	0	0	0	0	0	0	0	0	0	0	0	0	0	0	0	0	0	0	0	0	0	0	0	0	0	0	0	0	0	0	0	0	0	0	0	0	0	0	0	0	0	0	0	0	0	0	0	0	0	0	0	0	0	0	0	0	0	0	0	0	0	0	0	0	0	0	0	
