0	0	0	0	0	0	0	0	0	0	0	0	0	0	0	0	0	0	0	0	0	0	0	0	0	0	0	0	0	0	0	0	0	0	0	0	0	0	0	0	0	0	0	0	0	0	0	0	0	0	0	0	0	0	0	0	0	0	0	0	0	0	0	0	0	0	0	0	0	0	0	0	0	0	0	0	0	0	0	0	0	0	0	0	0	0	0	0	0	0	0	0	0	0	0	0	0	0	0	0	0	0	0	0	0	0	0	0	0	0	0	0	0	0	0	0	0	0	0	0	0	0	0	0	0	0	0	0	0	
0	0	0	0	0	0	0	0	0	0	0	0	0	0	0	0	0	0	0	0	0	0	0	0	0	0	0	0	0	0	0	0	0	0	0	0	0	0	0	0	0	0	0	0	0	0	0	0	0	0	0	0	0	0	0	0	0	0	0	0	0	0	0	0	0	0	0	0	0	0	0	0	0	0	0	0	0	0	0	0	0	0	0	0	0	0	0	0	0	0	0	0	0	0	0	0	0	0	0	0	0	0	0	0	0	0	0	0	0	0	0	0	0	0	0	0	0	0	0	0	0	0	0	0	0	0	0	0	0	
0	0	0	0	0	0	0	0	0	0	0	0	0	0	0	0	0	0	0	0	0	0	0	0	0	0	0	0	0	0	0	0	0	0	0	0	0	0	0	0	0	0	0	0	0	0	0	0	0	0	0	0	0	0	0	0	0	0	0	0	0	0	0	0	0	0	0	0	0	0	0	0	0	0	0	0	0	0	0	0	0	0	0	0	0	0	0	0	0	0	0	0	0	0	0	0	0	0	0	0	0	0	0	0	0	0	0	0	0	0	0	0	0	0	0	0	0	0	0	0	0	0	0	0	0	0	0	0	0	
0	0	0	0	0	0	0	0	0	0	0	0	0	0	0	0	0	0	0	0	0	0	0	0	0	0	0	0	0	0	0	0	0	0	0	0	0	0	0	0	0	0	0	0	0	0	0	0	0	0	0	0	0	0	0	0	0	0	0	0	0	0	0	0	0	0	0	0	0	0	0	0	0	0	0	0	0	0	0	0	0	0	0	0	0	0	0	0	0	0	0	0	0	0	0	0	0	0	0	0	0	0	0	0	0	0	0	0	0	0	0	0	0	0	0	0	0	0	0	0	0	0	0	0	0	0	0	0	0	
0	0	0	0	0	0	0	0	0	0	0	0	0	0	0	0	0	0	0	0	0	0	0	0	0	0	0	0	0	0	0	0	0	0	0	0	0	0	0	0	0	0	0	0	0	0	0	0	0	0	0	0	0	0	0	0	0	0	0	0	0	0	0	0	0	0	0	0	0	0	0	0	0	0	0	0	0	0	0	0	0	0	0	0	0	0	0	0	0	0	0	0	0	0	0	0	0	0	0	0	0	0	0	0	0	0	0	0	0	0	0	0	0	0	0	0	0	0	0	0	0	0	0	0	0	0	0	0	0	
0	0	0	0	0	0	0	0	0	0	0	0	0	0	0	0	0	0	0	0	0	0	0	0	0	0	0	0	0	0	0	0	0	0	0	0	0	0	0	0	0	0	0	0	0	0	0	0	0	0	0	0	0	0	0	0	0	0	0	0	0	0	0	0	0	0	0	0	0	0	0	0	0	0	0	0	0	0	0	0	0	0	0	0	0	0	0	0	0	0	0	0	0	0	0	0	0	0	0	0	0	0	0	0	0	0	0	0	0	0	0	0	0	0	0	0	0	0	0	0	0	0	0	0	0	0	0	0	0	
0	0	0	0	0	0	0	0	0	0	0	0	0	0	0	0	0	0	0	0	0	0	0	0	0	0	0	0	0	0	0	0	0	0	0	0	0	0	0	0	0	0	0	0	0	0	0	0	0	0	0	0	0	0	0	0	0	0	0	0	0	0	0	0	0	0	0	0	0	0	0	0	0	0	0	0	0	0	0	0	0	0	0	0	0	0	0	0	0	0	0	0	0	0	0	0	0	0	0	0	0	0	0	0	0	0	0	0	0	0	0	0	0	0	0	0	0	0	0	0	0	0	0	0	0	0	0	0	0	
0	0	0	0	0	0	0	0	0	0	0	0	0	0	0	0	0	0	0	0	0	0	0	0	0	0	0	0	0	0	0	0	0	0	0	0	0	0	0	0	0	0	0	0	0	0	0	0	0	0	0	0	0	0	0	0	0	0	0	0	0	0	0	0	0	0	0	0	0	0	0	0	0	0	0	0	0	0	0	0	0	0	0	0	0	0	0	0	0	0	0	0	0	0	0	0	0	0	0	0	0	0	0	0	0	0	0	0	0	0	0	0	0	0	0	0	0	0	0	0	0	0	0	0	0	0	0	0	0	
0	0	0	0	0	0	0	0	0	0	0	0	0	0	0	0	0	0	0	0	0	0	0	0	0	0	0	0	0	0	0	0	0	0	0	0	0	0	0	0	0	0	0	0	0	0	0	0	0	0	0	0	0	0	0	0	0	29	0	0	0	0	0	0	0	0	0	0	0	0	0	0	0	0	0	0	0	0	0	0	0	0	0	0	0	0	0	0	0	0	0	0	0	0	0	0	0	0	0	0	0	0	0	0	0	0	0	0	0	0	0	0	0	0	0	0	0	0	0	0	0	0	0	0	0	0	0	0	0	
0	0	0	0	0	0	0	0	0	0	0	0	0	0	0	0	0	0	0	0	0	0	0	0	0	0	0	0	0	0	0	0	0	0	0	0	0	0	0	0	0	0	0	0	0	0	0	0	0	0	0	0	0	0	0	0	0	259	55	0	0	0	0	0	0	0	0	0	0	0	0	0	0	0	0	0	0	0	0	0	0	0	0	0	0	0	0	0	0	0	0	0	0	0	0	0	0	0	0	0	0	0	0	0	0	0	0	0	0	0	0	0	0	0	0	0	0	0	0	0	0	0	0	0	0	0	0	0	0	
0	0	0	0	0	0	0	0	0	0	0	0	0	0	0	0	0	0	0	0	0	0	0	0	0	0	0	0	0	0	0	0	0	0	0	0	0	0	0	0	0	0	0	0	0	0	0	0	0	0	0	0	0	0	0	0	9	1684	320	0	0	0	0	0	0	0	0	0	0	0	0	0	0	0	0	0	0	0	0	0	0	0	0	0	0	0	0	0	0	0	0	0	0	0	0	0	0	0	0	0	0	0	0	0	0	0	0	0	0	0	0	0	0	0	0	0	0	0	0	0	0	0	0	0	0	0	0	0	0	
0	0	0	0	0	0	0	0	0	0	0	0	0	0	0	0	0	0	0	0	0	0	0	0	0	0	0	0	0	0	0	0	0	0	0	0	0	0	0	0	0	0	0	0	0	0	0	0	0	0	0	0	0	0	0	31	982	4111	467	0	0	0	0	0	0	0	0	0	0	0	0	0	0	0	0	0	0	0	0	0	0	0	0	0	0	0	0	0	0	0	0	0	0	0	0	0	0	0	0	0	0	0	0	0	0	0	0	0	0	0	0	0	0	0	0	0	0	0	0	0	0	0	0	0	0	0	0	0	0	
0	0	0	0	0	0	0	0	0	0	0	0	0	0	0	0	0	0	0	0	0	0	0	0	0	0	0	0	0	0	0	0	0	0	0	0	0	0	0	0	0	0	0	0	0	0	0	0	0	0	0	0	0	0	0	915	3608	11459	0	0	0	0	0	0	0	0	0	0	0	0	0	0	0	0	0	0	0	0	0	0	0	0	0	0	0	0	0	0	0	0	0	0	0	0	0	0	0	0	0	0	0	0	0	0	0	0	0	0	0	0	0	0	0	0	0	0	0	0	0	0	0	0	0	0	0	0	0	0	0	
0	0	0	0	0	0	0	0	0	0	0	0	0	0	0	0	0	0	0	0	0	0	0	0	0	0	0	0	0	0	0	0	0	0	0	0	0	0	0	0	0	0	0	0	0	0	0	0	0	0	0	0	0	0	0	3845	8860	41519	2153	0	0	0	0	0	0	0	0	0	0	0	0	0	0	0	0	0	0	0	0	0	0	0	0	0	0	0	0	0	0	0	0	0	0	0	0	0	0	0	0	0	0	0	0	0	0	0	0	0	0	0	0	0	0	0	0	0	0	0	0	0	0	0	0	0	0	0	0	0	0	
0	0	0	0	0	0	0	0	0	0	0	0	0	0	0	0	0	0	0	0	0	0	0	0	0	0	0	0	0	0	0	0	0	0	0	0	0	0	0	0	0	0	0	0	0	0	0	0	0	0	0	0	0	0	97	8959	51983	72379	22318	5714	0	0	0	0	0	0	0	0	0	0	0	0	0	0	0	0	0	0	0	0	0	0	0	0	0	0	0	0	0	0	0	0	0	0	0	0	0	0	0	0	0	0	0	0	0	0	0	0	0	0	0	0	0	0	0	0	0	0	0	0	0	0	0	0	0	0	0	0	0	
0	0	0	0	0	0	0	0	0	0	0	0	0	0	0	0	0	0	0	0	0	0	0	0	0	0	0	0	0	0	0	0	0	0	0	0	0	0	0	0	0	0	0	0	0	0	0	0	0	0	0	0	0	0	1265	21837	116453	92859	62574	4400	0	0	0	0	0	0	0	0	0	0	0	0	0	0	0	0	0	0	0	0	0	0	0	0	0	0	0	0	0	0	0	0	0	0	0	0	0	0	0	0	0	0	0	0	0	0	0	0	0	0	0	0	0	0	0	0	0	0	0	0	0	0	0	0	0	0	0	0	0	
0	0	0	0	0	0	0	0	0	0	0	0	0	0	0	0	0	0	0	0	0	0	0	0	0	0	0	0	0	0	0	0	0	0	0	0	0	0	0	0	0	0	0	0	0	0	0	0	0	0	0	0	0	0	3640	58234	156474	268791	165406	6664	8788	0	0	0	0	0	0	0	0	0	0	0	0	0	0	0	0	0	0	0	0	0	0	0	0	0	0	0	0	0	0	0	0	0	0	0	0	0	0	0	0	0	0	0	0	0	0	0	0	0	0	0	0	0	0	0	0	0	0	0	0	0	0	0	0	0	0	0	0	
0	0	0	0	0	0	0	0	0	0	0	0	0	0	0	0	0	0	0	0	0	0	0	0	0	0	0	0	0	0	0	0	0	0	0	0	0	0	0	0	0	0	0	0	0	0	0	0	0	0	0	0	0	0	15706	132419	402656	419756	144173	34659	57603	0	0	0	0	0	0	0	0	0	0	0	0	0	0	0	0	0	0	0	0	0	0	0	0	0	0	0	0	0	0	0	0	0	0	0	0	0	0	0	0	0	0	0	0	0	0	0	0	0	0	0	0	0	0	0	0	0	0	0	0	0	0	0	0	0	0	0	0	
0	0	0	0	0	0	0	0	0	0	0	0	0	0	0	0	0	0	0	0	0	0	0	0	0	0	0	0	0	0	0	0	0	0	0	0	0	0	0	0	0	0	0	0	0	0	0	0	0	0	0	0	0	117	55117	323651	1221437	656531	208369	29316	77277	3664	0	0	0	0	0	0	0	0	0	0	0	0	0	0	0	0	0	0	0	0	0	0	0	0	0	0	0	0	0	0	0	0	0	0	0	0	0	0	0	0	0	0	0	0	0	0	0	0	0	0	0	0	0	0	0	0	0	0	0	0	0	0	0	0	0	0	0	
0	0	0	0	0	0	0	0	0	0	0	0	0	0	0	0	0	0	0	0	0	0	0	0	0	0	0	0	0	0	0	0	0	0	0	0	0	0	0	0	0	0	0	0	0	0	0	0	0	0	0	5	0	4438	133988	944420	2593515	1273569	236400	67676	139526	43518	2260	0	0	0	0	0	0	0	0	0	0	0	0	0	0	0	0	0	0	0	0	0	0	0	0	0	0	0	0	0	0	0	0	0	0	0	0	0	0	0	0	0	0	0	0	0	0	0	0	0	0	0	0	0	0	0	0	0	0	0	0	0	0	0	0	0	0	
0	0	0	0	0	0	0	0	0	0	0	0	0	0	0	0	0	0	0	0	0	0	0	0	0	0	0	0	0	0	0	0	0	0	0	0	0	0	0	0	0	0	0	0	0	0	0	0	0	0	14	37	182	27727	357059	1933743	4431501	1930204	337537	251959	208825	190743	42706	0	0	0	0	0	8	29	0	0	0	0	0	0	0	0	0	0	0	0	0	0	0	0	0	0	0	0	0	0	0	0	0	0	0	0	0	0	0	0	0	0	0	0	0	0	0	0	0	0	0	0	0	0	0	0	0	0	0	0	0	0	0	0	0	0	0	
0	0	0	0	0	0	0	0	0	0	0	0	0	0	0	0	0	0	0	0	0	0	0	0	0	0	0	0	0	0	0	0	0	0	0	0	0	0	0	0	0	0	0	0	0	0	0	0	0	0	36	119	2455	117224	944840	3001370	6372340	2912043	1141483	821265	531978	547580	115500	622	0	0	0	0	188	179	5	0	0	0	0	0	0	0	0	0	0	0	0	0	0	0	0	0	0	0	0	0	0	0	0	0	0	0	0	0	0	0	0	0	0	0	0	0	0	0	0	0	0	0	0	0	0	0	0	0	0	0	0	0	0	0	0	0	0	
0	0	0	0	0	0	0	0	0	0	0	0	0	0	0	0	0	0	0	0	0	0	0	0	0	0	0	0	0	0	0	0	0	0	0	0	0	0	0	0	0	0	0	0	0	0	0	0	0	0	79	964	10955	301135	1995166	4419457	7875892	4261311	2786583	1393893	1267871	1099232	282122	26598	20468	0	0	0	1496	823	257	65	16	0	0	0	0	0	0	0	0	0	0	0	0	0	0	0	0	0	0	0	0	0	0	0	0	0	0	0	0	0	0	0	0	0	0	0	0	0	0	0	0	0	0	0	0	0	0	0	0	0	0	0	0	0	0	0	0	
0	0	0	0	0	0	0	0	0	0	0	0	0	0	0	0	0	0	0	0	0	0	0	0	0	0	0	0	0	0	0	0	0	0	0	0	0	0	0	0	0	0	0	0	0	0	0	0	2	20	365	1593	52973	815513	3317182	6959744	9521382	5710921	5980320	2626716	3606357	2839621	863498	336490	120648	0	0	0	2654	2025	997	929	125	0	15	32	0	0	0	0	0	0	0	0	0	0	0	0	0	0	0	0	0	0	0	0	0	0	0	0	0	0	0	0	0	0	0	0	0	0	0	0	0	0	0	0	0	0	0	0	0	0	0	0	0	0	0	0	0	
0	0	0	0	0	0	0	0	0	0	0	0	0	0	0	0	0	0	0	0	0	0	0	0	0	0	0	0	0	0	0	0	0	0	0	0	0	0	0	0	0	0	0	0	0	0	0	0	51	177	1001	5421	166238	1824845	5675507	10588219	14269548	8438998	9159017	5325738	8874311	6445379	1859542	955216	120951	21075	1030	11199	7764	2134	4055	3706	1037	195	86	359	104	0	0	0	0	0	0	0	0	0	0	0	0	0	0	0	0	0	0	0	0	0	0	0	0	0	0	0	0	0	0	0	0	0	0	0	0	0	0	0	0	0	0	0	0	0	0	0	0	0	0	0	0	
0	0	0	0	0	0	0	0	0	0	0	0	0	0	0	0	0	0	0	0	0	0	0	0	0	0	0	0	0	0	0	0	0	0	0	0	0	0	0	0	0	0	0	0	0	0	0	0	107	623	3619	19644	412651	3336165	10090659	17192857	17424604	12159968	12374142	9805894	16013996	10691476	4476679	1945977	214479	63050	17120	20226	1296	4829	3110	5537	4109	2089	363	348	1135	177	0	0	0	0	0	0	0	0	0	0	0	0	0	0	0	0	0	0	0	0	0	0	0	0	0	0	0	0	0	0	0	0	0	0	0	0	0	0	0	0	0	0	0	0	0	0	0	0	0	0	0	
0	0	0	0	0	0	0	0	0	0	0	0	0	0	0	0	0	0	0	0	0	0	0	0	0	0	0	0	0	0	0	0	0	0	0	0	0	0	0	0	0	0	0	0	0	0	0	25	367	2400	10090	64278	922276	6857482	19450929	27127873	22402950	22931203	21971564	21767025	26176657	19388192	11712648	2949277	231035	114141	138281	41601	33647	22172	1655	3158	5082	4162	1522	461	1833	1319	39	0	0	0	0	0	0	0	0	0	0	0	0	0	0	0	0	0	0	0	0	0	0	0	0	0	0	0	0	0	0	0	0	0	0	0	0	0	0	0	0	0	0	0	0	0	0	0	0	0	0	
0	0	0	0	0	0	0	0	0	0	0	0	0	0	0	0	0	0	0	0	0	0	0	0	0	0	0	0	0	0	0	0	0	0	0	0	0	0	0	0	0	0	0	0	0	0	0	230	1363	5696	24971	185439	2219455	13520136	32033725	44675224	43569041	37928518	35652369	40138037	48006757	38378693	15738803	3776396	1542309	968583	413323	154527	111949	39738	32183	11764	8189	3461	2272	2288	2334	2478	730	60	0	0	0	0	0	0	0	0	0	0	0	0	0	0	0	0	0	0	0	0	0	0	0	0	0	0	0	0	0	0	0	0	0	0	0	0	0	0	0	0	0	0	0	0	0	0	0	0	0	
0	0	0	0	0	0	0	0	0	0	0	0	0	0	0	0	0	0	0	0	0	0	0	0	0	0	0	0	0	0	0	0	0	0	0	0	0	0	0	0	0	0	0	0	0	0	21	554	3371	14699	65453	438127	5136732	27282679	54769506	74208695	82584248	60658332	59148960	61074890	61926350	49674770	24716678	6537992	3044569	1727559	1093015	397575	185031	82869	84218	36566	17222	4334	5398	5933	7989	6646	1824	396	64	0	0	0	0	0	0	0	0	0	0	0	0	0	0	0	0	0	0	0	0	0	0	0	0	0	0	0	0	0	0	0	0	0	0	0	0	0	0	0	0	0	0	0	0	0	0	0	0	
0	0	0	0	0	0	0	0	0	0	0	0	0	0	0	0	0	0	0	0	0	0	0	0	0	0	0	0	0	0	0	0	0	0	0	0	0	0	0	0	0	0	0	0	0	1	155	1434	7562	33358	150521	1111984	10271833	46046527	94691705	140000339	137356595	96270104	90908257	79671076	75347828	54509023	27947899	10909851	3121823	1902923	2552894	801780	314548	229179	66512	84596	32956	12771	7730	8940	10454	14733	6173	1782	562	38	0	0	0	0	0	0	0	0	0	0	0	0	0	0	0	0	0	0	0	0	0	0	0	0	0	0	0	0	0	0	0	0	0	0	0	0	0	0	0	0	0	0	0	0	0	0	0	
0	0	0	0	0	0	0	0	0	0	0	0	0	0	0	0	0	0	0	0	0	0	0	0	0	0	0	0	0	0	0	0	0	0	0	0	0	0	0	0	0	0	0	0	0	32	726	3831	20514	68328	370741	2682897	21084772	82455519	176779431	253060969	208993686	147632909	146871915	115157058	103704753	64014798	27982972	13939166	6558975	3469428	3272910	2153593	630453	615250	157861	227096	94260	39180	12121	9856	7231	11670	12928	5740	2154	195	2	0	0	0	0	0	0	0	0	0	0	0	0	0	0	0	0	0	0	0	0	0	0	0	0	0	0	0	0	0	0	0	0	0	0	0	0	0	0	0	0	0	0	0	0	0	0	
0	0	0	0	0	0	0	0	0	0	0	0	0	0	0	0	0	0	0	0	0	0	0	0	0	0	0	0	0	0	0	0	0	0	0	0	0	0	0	0	0	0	0	0	1	286	2289	9114	37167	154536	802875	5523308	44213513	151295604	345243283	464631478	367791304	235696257	213965982	156750444	124007391	68717149	34657090	18135336	11156153	7271083	4898926	2521030	1178951	529237	432185	304045	229495	88488	29144	14013	20473	19820	10782	7854	3681	1896	976	107	4	0	0	0	0	0	0	0	0	0	0	0	0	0	0	0	0	0	0	0	0	0	0	0	0	0	0	0	0	0	0	0	0	0	0	0	0	0	0	0	0	0	0	0	0	
0	0	0	0	0	0	0	0	0	0	0	0	0	0	0	0	0	0	0	0	0	0	0	0	0	0	0	0	0	0	0	0	0	0	0	0	0	0	0	0	0	0	0	0	61	1095	5408	23680	85708	376106	1694430	13017049	79739519	289484295	631034040	834460425	628799645	384777677	295935847	221796483	170767664	78662436	52471174	22287655	11789956	7357793	5259760	2719356	1457320	533969	510330	519466	307885	135852	47397	43755	25169	31204	12473	15848	7165	4171	3172	2391	288	40	0	0	0	0	0	0	0	0	0	0	0	0	0	0	0	0	0	0	0	0	0	0	0	0	0	0	0	0	0	0	0	0	0	0	0	0	0	0	0	0	0	0	0	
0	0	0	0	0	0	0	0	0	0	0	0	0	0	0	0	0	0	0	0	0	0	0	0	0	0	0	0	0	0	0	0	0	0	0	0	0	0	0	0	0	0	0	15	591	3483	14184	55704	203049	762786	3524051	27930169	146757676	577691594	1121003615	1375023141	955479180	579307041	385256809	295079196	197522802	103567956	68869419	31038268	17197470	8426759	6706983	4855004	2094370	1212694	601164	702863	485345	284673	110722	113046	70294	34387	32367	24662	21951	13390	10072	5265	2894	579	90	0	0	0	0	0	0	0	0	0	0	0	0	0	0	0	0	0	0	0	0	0	0	0	0	0	0	0	0	0	0	0	0	0	0	0	0	0	0	0	0	0	0	
0	0	0	0	0	0	0	0	0	0	0	0	0	0	0	0	0	0	0	0	0	0	0	0	0	0	0	0	0	0	0	0	0	0	0	0	0	0	0	0	0	0	0	96	1720	7543	34602	142268	437541	1509626	8125930	55047822	306612172	1060562065	2037573619	2288763837	1570702820	867938618	569533959	413277463	253015498	138255070	89341466	58459418	30900112	19190922	10996393	6396488	5074082	2672097	1188466	1096648	731258	584878	357968	330930	237648	96967	66216	29942	34120	21585	18035	20109	9969	4547	1589	187	0	0	0	0	0	0	0	0	0	0	0	0	0	0	0	0	0	0	0	0	0	0	0	0	0	0	0	0	0	0	0	0	0	0	0	0	0	0	0	0	0	
0	0	0	0	0	0	0	0	0	0	0	0	0	0	0	0	0	0	0	0	0	0	0	0	0	0	0	0	0	0	0	0	0	0	0	0	0	0	0	0	0	0	5	560	3772	17603	88830	304608	856620	2964710	17277963	103412884	597822400	1909022459	3510574050	3821494884	2368494071	1403905781	871191826	593748243	365844986	212412497	141763804	96298046	43815186	34964315	21308568	12690374	8312812	5397195	3081869	2160104	1409031	1100753	842394	590159	492600	353095	126957	69274	69897	45358	31485	29564	23052	17840	9297	3437	446	0	0	0	0	0	0	0	0	0	0	0	0	0	0	0	0	0	0	0	0	0	0	0	0	0	0	0	0	0	0	0	0	0	0	0	0	0	0	0	0	
0	0	0	0	0	0	0	0	0	0	0	0	0	0	0	0	0	0	0	0	0	0	0	0	0	0	0	0	0	0	0	0	0	0	0	0	0	0	0	0	0	0	146	1841	10624	50329	210335	565450	1719977	5862992	34023657	202858961	1108887096	3436922949	6092723669	6005704164	3629707458	2058160147	1226924680	767746788	553805387	331209257	212218023	140886556	75956398	50593466	34768026	23047511	12213727	7535893	5312016	3054991	3322019	2022450	1577050	1262750	869975	590949	366996	234949	164077	85445	74169	49377	45968	39592	41222	19585	7628	695	0	0	0	0	0	0	0	0	0	0	0	0	0	0	0	0	0	0	0	0	0	0	0	0	0	0	0	0	0	0	0	0	0	0	0	0	0	0	0	
0	0	0	0	0	0	0	0	0	0	0	0	0	0	0	0	0	0	0	0	0	0	0	0	0	0	0	0	0	0	0	0	0	0	0	0	0	0	0	0	0	18	682	5546	32024	133804	420994	1117661	3398587	12582717	64789788	397101000	2066573009	6408140617	10487529890	9499375373	5469227214	3092602476	1796384572	1106937780	817272279	546635251	319317272	203659860	121666344	94577314	65177376	35323519	20413138	12300140	6820105	4470889	3966041	2799973	2968222	1896284	1688732	1087916	656474	439321	335835	278303	146903	98839	84923	83580	84868	71020	45549	14533	2469	19	0	0	0	0	0	0	0	0	0	0	0	0	0	0	0	0	0	0	0	0	0	0	0	0	0	0	0	0	0	0	0	0	0	0	0	0	0	
0	0	0	0	0	0	0	0	0	0	0	0	0	0	0	0	0	0	0	0	0	0	0	0	0	0	0	0	0	0	0	0	0	0	0	0	0	0	0	0	0	115	2043	17264	81835	329335	796525	1986409	6052672	24319359	125708089	781076921	3848873263	11821554135	18234785019	14944502293	8756508865	4691297334	2570176480	1710131860	1175743621	846044844	564275367	362591755	238622024	152562262	112613813	58294909	29175926	23928686	9869511	6562018	4394810	3754968	3861900	2488453	1999729	1844177	1257201	934737	640849	515102	351520	275063	220981	162718	112448	130972	135553	90578	38040	8893	177	0	0	0	0	0	0	0	0	0	0	0	0	0	0	0	0	0	0	0	0	0	0	0	0	0	0	0	0	0	0	0	0	0	0	0	0	
0	0	0	0	0	0	0	0	0	0	0	0	0	0	0	0	0	0	0	0	0	0	0	0	0	0	0	0	0	0	0	0	0	0	0	0	0	0	0	0	6	547	7331	44714	197862	597219	1413441	3265972	10871069	44903908	241519481	1485532383	7041131300	20858753463	31040020737	23939160830	14024571815	7199752298	3734667730	2328344710	1677764223	1223997215	854277335	536360235	402740078	279501692	170494514	94575958	45584457	38206745	22177408	12355595	6738356	5564832	5327912	3696185	3776822	3528880	1995572	1880410	1145614	885652	795215	628356	496516	357720	346079	255815	280481	292736	159529	83366	23290	620	0	0	0	0	0	0	0	0	0	0	0	0	0	0	0	0	0	0	0	0	0	0	0	0	0	0	0	0	0	0	0	0	0	0	0	
0	0	0	0	0	0	0	0	0	0	0	0	0	0	0	0	0	0	0	0	0	0	0	0	0	0	0	0	0	0	0	0	0	0	0	0	0	0	0	0	145	2219	22182	119317	405120	1021079	2399025	6321092	19260493	78631875	446768292	2729634424	12487419834	36321096626	49800612757	37546524304	22494850980	10877760928	5495390538	3214734704	2291187831	1757439668	1207721363	839584942	669757612	476741620	296376014	173011986	104813715	67173269	41942538	23043679	15158036	10293222	8503123	5789278	5871047	5844936	4634293	3318758	1737839	1882463	1423162	962422	778840	790184	755429	821905	565931	507164	478636	359629	209231	62960	5058	0	0	0	0	0	0	0	0	0	0	0	0	0	0	0	0	0	0	0	0	0	0	0	0	0	0	0	0	0	0	0	0	0	0	
0	0	0	0	0	0	0	0	0	0	0	0	0	0	0	0	0	0	0	0	0	0	0	0	0	0	0	0	0	0	0	0	0	0	0	0	0	0	0	2	713	8374	62436	246446	708723	1727601	4154170	11335328	33032540	139751624	823319629	4950911784	21357459460	59609499527	78117460093	57023895111	33678297773	15006233098	7138307277	4248006399	2967579578	2321218802	1584364181	1377152097	1104925218	756440435	573569130	351262233	172758246	122553333	71259671	48571045	28765302	21185744	14557090	11505473	10183494	8016602	7793283	4553993	2919842	2762514	3009706	1717630	1290887	1439661	1412901	1492492	1389315	1337145	935636	984891	987956	468218	185611	27518	39	0	0	0	0	0	0	0	0	0	0	0	0	0	0	0	0	0	0	0	0	0	0	0	0	0	0	0	0	0	0	0	0	
0	0	0	0	0	0	0	0	0	0	0	0	0	0	0	0	0	0	0	0	0	0	0	0	0	0	0	0	0	0	0	0	0	0	0	0	0	0	0	62	2326	25117	138062	458695	1180532	2704526	6453763	18425620	59599788	252915038	1481330403	8847263478	36208823570	96245008831	116649664197	83696525893	46789133656	19296120077	8249385810	4909038767	3424349993	2806358507	2135906044	1954045344	1728672954	1308663356	956001796	618669854	351289373	211590318	124810292	83595508	54480960	37102005	28890489	19673369	19089155	12805134	10668260	7581383	5816455	3563663	3982545	3041672	2749820	2438633	2417329	2475107	2436327	2624151	2462789	2194842	2255890	1521607	1036024	518057	100166	1949	0	0	0	0	0	0	0	0	0	0	0	0	0	0	0	0	0	0	0	0	0	0	0	0	0	0	0	0	0	0	0	
0	0	0	0	0	0	0	0	0	0	0	0	0	0	0	0	0	0	0	0	0	0	0	0	0	0	0	0	0	0	0	0	0	0	0	0	0	0	3	487	7744	64699	264266	746457	1753194	4110865	9758158	30183335	110741805	471991305	2653389921	15359527938	60394358831	149440936262	168220221212	113658733817	57449063117	21467408716	8242277512	4898997635	3636630175	3012577794	2636561928	2504387199	2379137699	2152669854	1641940466	1092069036	633988594	408881225	237085971	164204110	111353531	67387720	50514358	33016981	31800350	26543343	16871456	11614017	11411533	8081917	6001217	5408787	5483517	5601706	4838837	4054909	4492316	4871251	4426398	4212978	4653570	4707261	3355525	2729328	1575022	404531	12683	0	0	0	0	0	0	0	0	0	0	0	0	0	0	0	0	0	0	0	0	0	0	0	0	0	0	0	0	0	0	
0	0	0	0	0	0	0	0	0	0	0	0	0	0	0	0	0	0	0	0	0	0	0	0	0	0	0	0	0	0	0	0	0	0	0	0	0	0	55	2489	25519	130474	438428	1147644	2378103	6159286	15338535	47920676	200533624	869281433	4630676597	24686938507	95584619104	215718439811	223619077894	137713431675	59105705227	19734890511	7200929613	4356660782	3187361915	2926819787	2758185473	2848331937	3001925289	2944823735	2478222756	1718366624	1109887393	768359148	443899709	288977066	202396023	131256152	83155659	63352669	55324783	50409275	30944828	20889532	20618181	14679786	12388347	10644689	9777879	10394788	11845666	7525785	7885408	8633217	9062668	9025534	9546738	9317584	10575605	8966858	7392114	5290148	1538539	96872	54	0	0	0	0	0	0	0	0	0	0	0	0	0	0	0	0	0	0	0	0	0	0	0	0	0	0	0	0	
0	0	0	0	0	0	0	0	0	0	0	0	0	0	0	0	0	0	0	0	0	0	0	0	0	0	0	0	0	0	0	0	0	0	0	0	0	0	587	8865	57302	221639	629305	1506453	3241364	8633113	24527353	78945809	332378687	1501853633	7839387221	38603271185	135298890144	274095507930	259911921187	139279243448	48964478252	15453423407	5420722433	3236286912	2427517582	2465939550	2694752406	3020813290	3364969137	3787804810	3484005046	2720470554	1942344204	1521417333	911183845	564998952	360223952	243930550	161531494	125275149	98051135	91400648	60482939	39473993	38065745	29686909	27446975	21858310	17803742	18112090	19322614	18377402	16437447	15006180	17235338	20300265	18216409	18127036	21800789	25784743	21300215	21219832	15668480	5909931	746037	7139	0	0	0	0	0	0	0	0	0	0	0	0	0	0	0	0	0	0	0	0	0	0	0	0	0	0	0	
0	0	0	0	0	0	0	0	0	0	0	0	0	0	0	0	0	0	0	0	0	0	0	0	0	0	0	0	0	0	0	0	0	0	0	0	0	40	1797	20377	101519	304970	836149	1888241	4354111	12391072	39639285	135183332	563768577	2464994870	12221217107	55194480155	169812886767	305535910077	255281984045	112696909753	33930292793	9443715341	3475839374	1983637295	1695598897	1921951421	2353008999	2889917481	3556991704	4439171097	5071928243	4395482491	3320016089	2561053130	1763193636	1086962841	689039774	439329271	325680126	232242171	179321539	149697243	110730228	84554865	74709728	62755666	53353963	42216011	35738238	39479770	36934440	35526081	35508605	33605099	36730912	39253204	41997571	39605985	46533661	55462644	62942213	70492013	65964475	46463070	24933216	4643107	138674	0	0	0	0	0	0	0	0	0	0	0	0	0	0	0	0	0	0	0	0	0	0	0	0	0	0	
0	0	0	0	0	0	0	0	0	0	0	0	0	0	0	0	0	0	0	0	0	0	0	0	0	0	0	0	0	0	0	0	0	0	0	0	1	260	5580	41047	144493	374230	1033249	2483535	6140206	18608023	63314235	220867106	919434471	3938237822	17265715303	69088958670	190567962130	296200765473	204571790921	73608343453	18526899576	4729157395	1914061284	1180219265	1113427860	1342664001	1874748749	2558202286	3597680435	4848353046	6028045106	6393050832	5430011323	4353680172	3323336939	2072142382	1357497918	887748720	643747278	428905488	335925446	268608496	214881591	177132206	143125297	118742839	115904394	98886530	77967883	66786972	72882250	63654927	74181826	80875185	92660208	91952269	93175746	91877319	105956305	116182063	125421723	148941769	181817318	183219054	160246856	93062993	27458722	1651002	911	0	0	0	0	0	0	0	0	0	0	0	0	0	0	0	0	0	0	0	0	0	0	0	0	
0	0	0	0	0	0	0	0	0	0	0	0	0	0	0	0	0	0	0	0	0	0	0	0	0	0	0	0	0	0	0	0	0	0	0	0	49	1032	14747	62985	184836	440422	1221205	3263335	9656509	27778888	97649171	365785515	1467872861	5754932628	21923630789	75134381911	181813753079	236121866708	130628982996	39826029248	8854650592	2230722651	1007367985	680687951	738995613	1011647812	1561558197	2264310470	3484552052	5277388574	7185727332	8366022138	8237420014	6961748150	5569369458	3972936451	2715366446	1873456739	1322383779	891900319	674781409	555704803	467017212	339828488	303515628	262196990	259787037	206899885	152451665	142308386	138810397	134666940	165329250	197213154	209495782	223898813	243725272	249778966	294708954	306400381	324581129	384983555	435270567	462872228	505149940	467447171	363923312	152628353	16031380	126276	0	0	0	0	0	0	0	0	0	0	0	0	0	0	0	0	0	0	0	0	0	0	0	
0	0	0	0	0	0	0	0	0	0	0	0	0	0	0	0	0	0	0	0	0	0	0	0	0	0	0	0	0	0	0	0	0	0	0	5	101	2934	20685	82031	227295	526695	1444831	4233824	13728150	44006801	154090621	582297696	2094807909	7172954509	23763620277	69762281195	142245692812	151007793270	69561599608	19499117102	4298707813	1095488206	576997908	401928166	508628256	777430515	1312193283	2113705714	3438446936	5587389683	8245573270	10468041751	11515761304	10880093847	9321243144	7187895295	5318594019	3831875116	2728826975	1852738696	1262925921	1104359876	915378789	672743576	566079331	558347855	567547943	486350535	369879637	334211457	304020983	321692464	381819374	431115616	481578121	551047755	629574804	694314922	842656559	930382437	995700239	1103946440	1298721020	1460250274	1380109283	1391478262	1445375723	1323854979	773407150	138923630	3918999	0	0	0	0	0	0	0	0	0	0	0	0	0	0	0	0	0	0	0	0	0	0	
0	0	0	0	0	0	0	0	0	0	0	0	0	0	0	0	0	0	0	0	0	0	0	0	0	0	0	0	0	0	0	0	0	0	0	11	346	5044	25034	95902	241783	607005	1794028	5680266	19259129	67226951	244050764	849547926	2571697873	7576815058	22053326289	53783458640	92454076976	80852762004	33148934899	9350239363	2064011816	568728781	308920593	279740029	354505934	649055671	1122869525	1952149463	3402871748	5579845417	8770960209	12412443555	14969127043	16153356118	15153952242	12906474665	10423128820	7330223715	5287242048	3892387709	2606241676	2096398476	1731411781	1355757225	1172451204	1093480262	1110651426	975910594	858982630	806965233	729936294	786077476	904317378	1054938313	1216543816	1422187306	1762747146	2157499638	2687929545	2972183194	3496289163	3790331236	4276421340	4705769263	4439578214	4807584384	4779780522	4513855820	4512537797	3392042066	1159852305	70203663	96092	0	0	0	0	0	0	0	0	0	0	0	0	0	0	0	0	0	0	0	0	
0	0	0	0	0	0	0	0	0	0	0	0	0	0	0	0	0	0	0	0	0	0	0	0	0	0	0	0	0	0	0	0	0	0	0	22	884	6765	28206	94918	262363	725254	2304709	7777831	27141855	102205350	377022051	1083087144	2684463167	6700049590	16447463343	34688759220	52477787905	40709253991	15897200627	4589939807	1038141090	309415310	170852803	187241191	314916424	621764545	1034648969	1780860757	3346630070	5424436658	9160858916	13831305039	19198801683	23252388071	24029758990	22023957479	19371256713	14043424626	10315368711	7747339386	5332435845	4262910430	3426510722	2705524160	2582468997	2233379118	2299266995	2052180675	1874286668	1787501042	1743021507	1799206499	2095751111	2468037702	2891218540	3768630806	4968751594	6128329346	7679682788	9430794749	11969863236	12767361584	14214234685	15631422247	15930610921	18781339864	18599988880	16906774493	16652969055	15469904610	14813713375	7922867011	1004723803	12965503	0	0	0	0	0	0	0	0	0	0	0	0	0	0	0	0	0	0	0	
0	0	0	0	0	0	0	0	0	0	0	0	0	0	0	0	0	0	0	0	0	0	0	0	0	0	0	0	0	0	0	0	0	0	3	120	1239	8000	31640	95396	282644	829460	2875099	10550520	40006617	150648527	501188510	1193737259	2388788803	5019624652	10507082221	20342921257	26953650134	20229355752	7946167058	2271114094	528829315	189750129	120623135	175077473	310082964	563815495	916335098	1649056207	3123407868	5259903453	9904023612	15983210925	23179042766	31574425265	36225841049	35048701826	32494684704	25846266031	20248768883	15601243217	10674576523	8720958717	7153957395	5726442410	5210954470	4619248148	4685368986	4966750236	4140261315	3895998150	4010615402	4388566872	4938715047	5778678427	6795540632	8912424551	11793868328	14156701463	18449840839	21892425532	28968133417	32493530440	40534903982	48884970607	54181354269	67749893151	69457367277	71678705083	73368018152	68672122847	65673135056	57864753695	42736553681	11762583709	477061537	10773	0	0	0	0	0	0	0	0	0	0	0	0	0	0	0	0	0	
0	0	0	0	0	0	0	0	0	0	0	0	0	0	0	0	0	0	0	0	0	0	0	0	0	0	0	0	0	0	0	0	0	0	2	199	1859	8986	32263	103656	302399	976083	3707066	13877717	55662295	194587178	540146815	1045404908	1745297942	3182987994	6318284881	11584125334	13836271935	10221831986	4204329488	1172123677	283487092	128119655	110442104	172219902	300346242	546131979	830514155	1446221688	2920883804	5151979898	10384563587	18008467111	27813530097	40698393160	51547203770	55131926092	54721398630	45458664728	39176605919	31200424151	21525467223	17182959876	14603269666	11583871536	10249824847	9135483333	9828123918	10311228386	8584554495	8220727807	8141259751	9100734048	9886691391	11507641614	12742428402	15426262594	19405128211	22669554390	29808171705	36298003731	46060042083	55268872710	75089637456	98414289908	117025031843	160682100183	192308134740	231393584372	258919952514	279437372610	296275054369	272751811019	238603237433	202635487385	114941669807	10796645484	58709981	0	0	0	0	0	0	0	0	0	0	0	0	0	0	0	0	
0	0	0	0	0	0	0	0	0	0	0	0	0	0	0	0	0	0	0	0	0	0	0	0	0	0	0	0	0	0	0	0	0	0	47	283	2058	8632	29039	100419	310550	1138843	4439429	17971920	70997042	218574636	478451826	725710689	1080962780	1910927521	3784237358	6660438518	7501321201	5283777321	2271270713	664186620	191637203	108635662	115895469	164307109	303537935	511777045	850146062	1398942505	2761708467	5281174581	10791021015	19245195249	31006664755	49290167012	67003692245	84033173239	87220819120	80177199947	70412007283	56534077622	42855138296	34805538804	28577088108	23394486118	20241090613	18714650217	18578551681	19884299901	17592112000	14800964238	13870758902	14306861866	15144351932	16498452880	17766970777	19042896254	21995915431	23804370509	30962553129	36181257983	44012338915	54710699682	73008503982	98840746532	126457804467	183401244116	261464269230	376840505633	506086467965	681255566019	871405683552	1026235244518	1128571632822	1054244758929	992846819080	748694955249	192848690072	4691696544	0	0	0	0	0	0	0	0	0	0	0	0	0	0	0	
0	0	0	0	0	0	0	0	0	0	0	0	0	0	0	0	0	0	0	0	0	0	0	0	0	0	0	0	0	0	0	0	0	2	21	319	2055	7615	25721	99242	332535	1287594	5645116	21832792	79526580	206740712	333248922	433739309	632107483	1199153592	2360121353	3978215231	4412564961	3076684576	1301162275	431772585	147549979	98159538	145417589	199850509	365687672	574859682	1050835867	1408479182	2801045018	5407830585	10504100828	18442767780	33422683241	56232909224	83723783528	116556196242	130545591457	131075185701	122668846239	102741087852	81054457981	66265401941	54604236865	45602218760	39517011276	36767153174	33827545339	34017519939	26209883354	21639285293	19484885140	18497352355	17591449569	16564231929	16953052256	17547384611	17927770122	18209146578	22254056582	24399565917	27617171090	34275165023	43768500998	57271230561	74042536417	103029280165	153743198666	237489111758	364359551780	616746549801	1005998769393	1628686612752	2453103085168	3540290193266	4377034678332	4261294159513	4484841241052	2468937485559	197327002586	481461475	0	0	0	0	0	0	0	0	0	0	0	0	0	
0	0	0	0	0	0	0	0	0	0	0	0	0	0	0	0	0	0	0	0	0	0	0	0	0	0	0	0	0	0	0	0	0	0	16	435	2519	7962	24782	102966	371650	1520803	6674797	25408434	73176205	149951649	203258705	255603476	395988228	832476164	1568248682	2498588282	2763823518	1869351919	758491151	299067559	125911903	117934477	161421081	238293163	418030407	664921047	1180558609	1492991310	2976922448	5270005376	9953336758	18088042675	34623107848	61622074323	97605274901	148399680003	184553014122	198703233944	199573669495	177072176153	145843481004	123841440920	99802499943	85934753711	73708161916	66012556153	57745472772	46936869960	34123254507	26725527212	21938562649	19113861696	15736135314	13665996656	13157629541	13208700062	12948362820	12452230258	14747224831	15646562802	16795056193	19707182154	23693442334	29415740838	36830075010	47759787793	66858150232	94998344036	142393407412	231048513836	400385649158	744685744950	1341997867786	2746266709698	5685809422452	9876218317919	16526877672496	21282587527354	20692237069232	5440951403133	118269559240	0	0	0	0	0	0	0	0	0	0	0	0	
0	0	0	0	0	0	0	0	0	0	0	0	0	0	0	0	0	0	0	0	0	0	0	0	0	0	0	0	0	0	0	0	0	1	62	514	2678	6581	26412	122794	413323	1655099	7218107	23942013	56173649	97719758	117895049	170730407	277435184	615424564	1143254163	1672376591	1758106055	1146263302	477135821	211152905	128604999	135280790	189008358	278814307	494278303	869645060	1193249623	1789705777	3166255758	5168893018	9750403457	17843194780	35118348335	63677081486	110300066398	178274929306	241150162633	281529776990	298287201848	285548963033	246137222427	210454434145	172376861219	149924231421	123951048762	105638440842	79874320921	54739897099	38234868462	26831820836	19284182190	15105419010	12092199086	9953275077	9342152850	9471807078	9228988065	8688683822	9805001061	10392002152	11061087203	12495079173	13773977927	16209234077	20693548146	25791078546	33207059592	45686189119	64476636003	95491363344	142955877526	233329319453	394764392600	745426923423	1616763635667	3938367322411	10351838807082	26792321090399	62490743236885	109257573025415	92641449027429	9129096582336	11806662862	0	0	0	0	0	0	0	0	0	0	
0	0	0	0	0	0	0	0	0	0	0	0	0	0	0	0	0	0	0	0	0	0	0	0	0	0	0	0	0	0	0	0	0	2	74	717	2120	7324	33477	159517	480131	1856128	6945302	20200889	38524909	60274719	85328077	129105970	222537562	498201825	945903290	1199913934	1170221646	768133361	349767820	164929978	131477486	165297154	234233527	332545378	574921622	932846909	1344293309	2093577551	3390509658	5063217599	9629894880	18060627327	34306101504	61268684713	118138691772	197326080846	283538845873	366250650147	409193319710	413174915720	378362348004	329773729070	278815551394	231365424046	182830156160	132612936219	87792735204	53019796759	33664177211	20911709979	14073322674	10413669131	8786531482	7404292408	6829777214	6960097305	6841487799	6389097078	6875677040	7317848470	7611843674	8607256232	9050970247	10404234758	12778470526	15441385219	18848351564	25881987770	34750582794	46830411581	67001794509	100027119455	162722965530	264713558964	460897826810	950940014151	2070497890800	5142096900021	17839896124080	69059357426892	271606969225190	727090647553571	353069112679271	10413447892317	0	0	0	0	0	0	0	0	0	
0	0	0	0	0	0	0	0	0	0	0	0	0	0	0	0	0	0	0	0	0	0	0	0	0	0	0	0	0	0	0	0	0	7	145	749	2091	8566	38695	160707	631179	2094987	6555220	16113403	29639289	50185271	72189759	115320726	216805611	444697301	769460006	928222750	836823972	536902180	262443035	150793645	137310161	175569660	271739496	397140152	631411642	1019667943	1443346896	2270529071	3559353140	5343036361	9050129358	16948357470	31610028701	56615399547	111728431527	198193780776	307425545123	427243667198	504164201617	552224118223	521818033382	458744526054	388574957313	302738523455	213226930803	134950668745	81826622964	42784945160	24799106069	14070416486	9226095897	7654756830	6724493443	5973520821	5547827462	5524149919	5604400181	5138682865	5006270974	5270849820	5231853280	5996205718	5962279383	6830178243	8523281001	10267004248	11987555329	16011055274	21023358934	28040807065	38218497026	53190397733	83279776457	127376370508	202853654235	368563849376	653989632173	1292736759580	3086156760670	8300870177404	30866533874862	188055038444041	1521103653171371	4427799636162729	1419433237260622	1888990880014	0	0	0	0	0	0	0	
0	0	0	0	0	0	0	0	0	0	0	0	0	0	0	0	0	0	0	0	0	0	0	0	0	0	0	0	0	0	0	0	9	46	187	619	2239	10035	43705	182882	761602	2363581	6975651	15491756	29394667	47256738	74228214	118334579	219233080	414523422	671461795	749440339	607206390	396954990	224280834	152939417	154659846	213669448	282841547	450473899	732354302	1199491606	1590946845	2449803602	3636525755	5357057567	8665143238	15411931986	27280119534	50494649536	96585136764	178797985487	302578065545	437049817635	555113435517	641990008261	604845646632	531661604326	450323921582	316910065595	193322724912	113206067688	66294111844	32683959666	17604446782	10816387543	8113910354	6549291936	5804690061	5415049254	4811292503	4570576789	4515286434	3976876498	3803020996	3944759290	3722605331	4118984575	4317512091	4877469449	5773754620	6997649841	8706938582	10879850536	14142393743	18799948337	24560919585	32912936566	47202216108	70292122434	107630903416	175396319447	290427370901	511301657121	992107654086	2043023058245	5089336568031	15208462954807	59557919604393	377248690303946	9052338772347454	11765040740703902	3313595122328	0	0	0	0	0	0	
0	0	0	0	0	0	0	0	0	0	0	0	0	0	0	0	0	0	0	0	0	0	0	0	0	0	0	0	0	0	0	6	32	58	211	595	2613	12236	56493	245729	1036736	3330754	8849545	18791986	35011816	52343748	83998036	134232966	215217252	380212740	564691023	602145503	474832121	302608171	188071112	150898701	157120661	201956524	317372055	481958753	801040877	1350493865	1858459168	2548547611	3833400730	5424753243	8392308423	13454782970	22950688717	42892937923	79653985955	150105183313	264328167075	387714716796	517422741957	626834729568	586476300450	493117749222	401100671281	253810778171	143945489034	79128724277	45830513167	25235198627	15488986657	10901833087	8161110281	6565593904	5646539465	5049163739	4233379794	3529518043	3429579095	3033665439	2732309343	2817964430	2650869367	2952283463	3315110209	3614701960	4013845141	5003403192	6451083052	7677134852	9554282126	12769209383	17164585287	22459147752	29387011002	43086754966	66591860919	98299259133	150683021940	255702090255	434618923034	781623203505	1561032046276	3517873408565	8526044803947	21758698434039	74405179081496	367929162459254	8462546165591	477437006	623	0	0	0	0	
0	0	0	0	0	0	0	0	0	0	0	0	0	0	0	0	0	0	0	0	0	0	0	0	0	0	0	0	0	0	1	40	34	48	114	612	3119	13928	72310	335629	1465972	4758331	11932712	24091686	43309732	59358870	92457723	139580034	205210860	366921644	483661417	461547737	363159283	243172548	176205899	153452705	162979566	194779699	331389101	514619898	807093698	1429184130	2101452082	2832655996	3894217947	5557499706	8072370308	12062955495	18717860237	34700819082	61926717680	114482902765	202581895032	302009548626	405445860163	494557826525	473396644357	371213236874	274607945804	166674367631	93994210627	50025993894	31945416779	23663588976	16025352945	11751191709	8081112719	6308650984	5107801148	4432074087	3469409685	2702563334	2373500338	2090646678	1927180653	1951971114	1879056661	2137010874	2422662259	2682949783	3001233693	3734529623	4810618615	5614928787	6996424656	9108978241	12077857407	15701075293	19752634288	28351724810	41843683727	59251864540	85411712836	137510258150	217089515875	360856320072	639991274825	1171975765658	2160427818665	3905015996560	7571456497849	10541964511061	795472834170	687993546	77966	0	0	0	0	
0	0	0	0	0	0	0	0	0	0	0	0	0	0	0	0	0	0	0	0	0	0	0	0	0	0	0	0	0	0	20	45	26	65	257	692	3674	17839	93292	483316	2154233	6924239	16183336	31429577	49356629	62977058	96270308	138529515	210375990	353613539	424088742	351656673	288365909	192467863	136999714	132375086	146639126	190934814	300450782	498274842	817534285	1496720706	2130780659	3022961270	3948107539	5448675762	7975583757	10815219597	15749823204	26321625819	43543970829	78765333430	137229224995	211065533598	276268005503	314932742769	303768507156	221025202606	149885218537	90616806422	51468038172	32363307875	26619900254	23444380552	17636145248	12299449326	8062306602	5651402450	4242930761	3269380648	2502620271	1869704922	1663507721	1459181296	1332762443	1344657465	1371641104	1605246215	1849687358	2121665288	2501625132	2960418977	3692891433	4325820724	5463622799	6871798713	8599791883	10846951562	14092627948	19146226393	25960508510	36584532648	50050267488	75198646703	114602607396	177516445206	287418326402	469312610040	729757708209	1062124362868	1343508143904	1005122781237	68075144281	122589481	65550	4	0	0	0	
0	0	0	0	0	0	0	0	0	0	0	0	0	0	0	0	0	0	0	0	0	0	0	0	0	0	0	0	2	12	35	40	61	81	365	1185	4917	24294	141618	753593	3207728	9470843	19809904	35120734	50204282	64901110	95221209	135833587	204368929	295771948	341088114	284007198	204685995	151597887	101848114	99500578	116074305	147607699	253915639	457141305	828160839	1464599439	2124006294	3052094755	3996517026	5780753411	8127301225	10310630441	13778911604	19974866525	30460714701	51176013232	84028775676	128209996673	158627475185	170063738415	155522084597	111744356570	72355935722	46882058998	32808175214	25769402990	24294519896	22972910155	17767196516	11836058727	7455636049	4788022547	3139332458	2167468286	1676325026	1250651312	1112661874	996836926	948576105	1039502125	1121232482	1312937386	1504215768	1786430008	2141626969	2435315047	2803922447	3349585644	4336692030	5192648087	6130507889	7740604738	10281624053	13039304316	16332764305	22822795138	30323456322	42307218613	62776548211	90567097537	131233917645	187403985885	253184972252	313525225206	288657643244	117940585210	5292353741	11202434	5294	3	0	0	0	
0	0	0	0	0	0	0	0	0	0	0	0	0	0	0	0	0	0	0	0	0	0	0	0	0	0	0	1	5	22	70	65	75	211	568	2001	7189	38111	246096	1206788	4261448	12261080	23679594	36523149	50418062	64715196	95102969	138132510	195913420	236366354	264968031	206818767	143040046	102534006	75743931	72723391	92087146	115797981	187390373	398810415	769632202	1454625143	2213806087	3260436300	4402012017	6099871872	8614186176	10909322853	13603826037	17323362958	22748419504	33075295393	48948746569	71593682755	84306794605	87055596755	76820913007	57259677164	40946945824	32547309343	28316041921	27133974099	25531615556	22932022007	16860731901	10508758129	5914964942	3413772780	2051256247	1303951809	1036293301	804967489	749259183	772061352	775563711	898234869	979800275	1130134790	1331733291	1506416518	1773633186	1986666236	2249021039	2798758931	3547098698	3929787398	4528795696	5544420839	7150614545	8600498755	10293731696	14273699994	17822254653	24077942876	34601859277	45529989791	58083940988	73359276863	84486559224	82746518786	54180115854	11964545976	307994841	484708	158	0	0	0	0	
0	0	0	0	0	0	0	0	0	0	0	0	0	0	0	0	0	0	0	0	0	0	0	0	0	0	0	0	3	32	76	110	142	276	874	2498	10514	60024	379520	1540266	5587119	13667148	21964233	32643450	44401206	58715243	84838732	123074259	191177924	206377486	214093484	170186511	105220748	69251473	54969014	60979701	73289141	92185749	165458922	326984443	721848757	1488429555	2349092804	3455798124	4851698792	6779088541	9984260283	12191427833	15503492381	17722772148	19307811374	23368008952	32012729932	42467389443	47268394656	45927537422	42757930338	36697393553	30959139176	31672052875	32704842180	30966081686	26820467137	21390905062	13936436450	8329070829	4136678386	2169957993	1196345972	770448223	665638197	556847583	581853438	649962882	693638180	863690563	901548731	1010479931	1198349984	1321246127	1464102261	1645447443	1864111030	2147758123	2648805068	2832968029	3288226138	3849758499	4723339910	5502647761	6628753512	8757104372	10033323067	13263819246	17563571061	20820763448	23568258879	26021522262	24878858242	17725899069	7237153597	813194965	11313752	8711	0	0	0	0	0	
0	0	0	0	0	0	0	0	0	0	0	0	0	0	0	0	0	0	0	0	0	0	0	0	0	0	0	2	26	59	71	85	222	463	1323	3457	16672	80942	464406	2006701	6109771	12497027	19024141	26655531	39248771	54898260	77143552	112668151	177011441	186980995	179394833	138426156	79208669	49630072	47892471	56755785	66946199	78807744	163554362	322608907	719535614	1455860782	2399905070	3586874308	5581984774	8094433815	11622126180	15035319162	18438903166	20948135496	23143244496	22840313923	25575501871	31998967673	33442146137	31382329331	33046102719	31776915262	33901827296	38211194600	41981086321	36925564214	27328450250	18621121615	11031886608	5687880304	2542611205	1174843128	670611809	497534256	495577133	470923752	536917582	594112308	637865700	791357258	809318510	865412314	983869139	1069484946	1185554372	1303693895	1418312618	1597785587	1818794229	1934878481	2292151168	2553639104	2976395023	3377911826	3986475689	4878998789	5207940517	6604730868	7844784175	8391645262	8339135981	7697402462	5728995485	2735521419	604362099	33122747	201137	33	0	0	0	0	0	
0	0	0	0	0	0	0	0	0	0	0	0	0	0	0	0	0	0	0	0	0	0	0	0	0	0	1	39	68	71	155	221	349	801	1685	4560	24045	165485	626650	2478224	5645872	10613048	14213369	21324416	28952866	43360305	74752718	107135873	168664407	174317678	156732385	105267706	54748039	45597581	45015614	50346727	52109467	71072367	163094503	330312493	721778669	1391979845	2398211761	3817251123	5990977014	9597706374	14232858931	19044365908	23677631896	28681351168	30610227135	29736702473	29092189006	32847334536	34415640135	31681868898	35580723313	38989399875	46294298444	51940893602	51332879079	40357485149	26964894891	14649906758	7464033811	3486218341	1342480099	647443432	442410474	412935509	453549214	461921635	511018122	537111777	596472758	693674860	691883675	724529724	792106443	828626292	905596991	944800491	1030998846	1096165120	1182619645	1246875040	1440840307	1557975740	1744118772	1903880839	2105390240	2368754746	2452799608	2892295132	2991148658	2764785118	2307940149	1683090045	892544358	260382597	29155468	681319	831	0	0	0	0	0	0	
0	0	0	0	0	0	0	0	0	0	0	0	0	0	0	0	0	0	0	0	0	0	0	0	0	10	26	69	49	87	186	300	488	921	2260	7086	36529	189572	692639	2237259	5122311	7247431	10888938	15656729	24950256	45983767	77428816	117912604	169392913	162855994	128050307	77369611	48620828	41366819	40020359	47340864	57996415	84642998	172811382	355340599	700892273	1366171329	2392456585	3998347480	6542865852	11150513132	18109888269	24579878255	32168098008	39564618090	44374554353	41862070086	42714431772	43180422905	44707931861	44352530186	49411026806	56916410798	67002587478	68934500603	57971120827	39671518692	21818371019	9874867453	4540138610	1862215058	738277237	416054673	361407231	377733197	425174870	452439064	449289103	471064593	501092983	538029030	552661404	571712007	578981330	593083742	625742202	622102841	658753688	680623356	701648088	708908143	784938486	843145757	897363353	940697561	932486491	977593443	963965947	1009529450	877941730	688566285	456205769	241488262	83687684	13559388	666012	4445	0	0	0	0	0	0	0	
0	0	0	0	0	0	0	0	0	0	0	0	0	0	0	0	0	0	0	0	0	1	0	1	14	9	49	25	73	143	195	460	608	1228	2795	9973	42318	195439	698049	2051374	3777390	5530167	9052472	14264480	25268259	50057120	86521218	129165155	164976151	147238241	103890676	63225735	48165190	40197457	39582943	47325295	58290123	100894230	192665664	375010794	667899506	1284100288	2358014648	4055592441	7268350194	13167867831	21230805488	31582275182	43205069305	55421747324	64622374479	64357018248	66218253490	63531705323	65946608842	68201008701	75265620379	87326868145	93094636354	87474373142	60734109151	34050564244	15520077541	6053753828	2419744863	942815505	473549439	356982152	324236867	341693288	369974951	390964833	379028803	380771457	385507673	377466824	383304629	384321577	370225180	368115320	367488541	359851479	358681341	361390015	362612764	344277736	364622097	369866573	370274492	371967355	339633812	325413624	298240627	261658269	185934292	120347563	57664788	20166284	4088049	304439	4376	7	0	0	0	0	0	0	0	
0	0	0	0	0	0	0	0	0	0	0	0	0	0	0	0	0	0	0	5	2	11	0	2	6	44	47	42	149	243	337	664	1143	2002	4051	14721	60358	266724	725465	1721787	3041729	4678557	8514257	15784364	28400180	55010662	91277453	133517509	152453218	129553995	86422797	56982277	47926811	46173418	44979595	52706319	66089240	125033355	228727583	388973424	657203597	1312415961	2345039786	4357312664	8025086028	14147852604	25118491508	39020722129	57230400727	76935320296	94395102050	101735733955	105732736752	98962505622	103495686196	105329955615	118249348773	133327583794	122526701031	99162245950	57330571447	24953688374	9551302959	3358064505	1313829909	551769797	359598009	316916287	299603120	290254616	288933331	298901757	266511225	263238417	257360173	235439242	225914953	209425272	195627632	193267619	180256545	173377868	162280733	159735399	154810443	135692873	136025621	129691359	120709686	113825459	92845666	78905391	62899910	43805382	25128452	12328349	3959708	818376	76576	1540	7	0	0	0	0	0	0	0	0	
0	0	0	0	0	0	0	0	0	0	0	0	0	0	0	0	0	0	5	3	8	3	1	6	25	84	103	174	270	353	562	582	1156	2159	6887	21439	89168	313591	714107	1413367	2720253	4343907	9035894	18303034	34341341	60024567	104089637	130296597	128245982	107000306	73663233	54202648	54937918	50732159	53848888	66711133	97817804	172489413	282294550	425210664	711179513	1384077071	2438479668	4446180207	8433688013	15222997419	29951914937	46322756579	74926811804	108763137577	137991494991	154421532523	162467749070	161743243808	168697843562	171347370703	183331983879	184315439841	142160403825	93801750952	45383317560	16102571888	5339947726	1724257367	716963648	366109582	281626153	264806217	226727389	205173721	190375841	186806816	159270416	146123433	136202461	122478750	108274273	93449159	86877929	81494070	70720479	65681291	59008661	56082974	51661614	42284908	39172707	34015999	28747139	24430041	17239847	12501682	8131754	4292636	1844631	599735	111941	10692	305	0	0	0	0	0	0	0	0	0	0	
0	0	0	0	0	0	0	0	0	0	0	0	0	0	0	0	0	0	4	9	28	6	2	19	96	141	161	215	276	617	636	898	1383	3906	10492	34141	112347	360184	638205	1359706	2931894	4884822	10571642	20656741	36592828	69499389	113685188	137420864	114064111	89702347	75456431	55616130	60217014	65862712	73714895	90597166	142912941	229063117	348450570	491569410	770610693	1325857934	2498347891	4508545436	8876269722	17715560361	33485520242	55183575030	93352345180	145543860789	191820873968	221515232296	245611942464	260743520250	270273927916	265657075849	257611306896	225367904998	143914481736	76730369115	29215700309	9696127016	2831996746	859860204	407466100	236835181	184285030	165481994	142074865	120277223	100049364	92299558	74673317	63238157	56271396	47205508	38499647	32665112	29849558	25754550	21052385	18287603	15796718	13992635	12064110	9172837	7786143	6109865	4548015	3269869	1979185	1168538	566072	207713	58092	10631	809	7	0	0	0	0	0	0	0	0	0	0	0	
0	0	0	0	0	0	0	0	0	0	0	0	0	0	0	0	0	0	4	18	16	5	22	57	125	228	200	237	393	495	611	1229	2059	7029	19062	58072	150372	382144	699315	1357658	3170883	6125223	13688741	23985263	43435768	77103851	111111805	129615807	104407310	86726911	73926923	67162329	73508987	82101635	95733270	131685073	188466734	277812778	410318055	558356246	909689467	1362670672	2419072223	4857882063	9370450078	18950462879	36253367825	64280253316	114090423970	182448047370	254854536487	314993636900	361249061368	400209180863	395129238801	383704360012	323742841735	240483392222	129446495897	53576434977	17257973471	5527601132	1565166608	470945967	223428741	134081077	101008115	83667905	66642405	50321649	39056027	33774922	25561919	19730398	16130509	13014838	10203071	8437216	7197558	5710484	4420245	3547907	2865254	2336186	1818734	1294536	974028	658548	413783	240485	122257	52635	16724	3515	468	30	0	0	0	0	0	0	0	0	0	0	0	0	0	
0	0	0	0	0	0	0	0	0	0	0	0	0	0	0	0	0	2	7	28	4	16	56	112	211	273	276	384	490	705	847	1553	2962	11086	28759	83820	191854	464924	860612	1678764	3989779	8081961	15824397	27923410	49358587	79558751	111018735	137790834	117906362	99042178	85309076	76894788	90060785	107584029	130116515	172980490	266457850	356600536	479489313	620153836	919083946	1550750375	2555257831	4989525941	9528963795	19596438026	36952053937	74180998629	136239343870	215377004209	324913510150	420629928898	489537732349	533121004008	519481506613	478506001574	343364906094	208593803998	97264096751	32540342621	10158611616	3203480488	924769358	263029221	103306624	59153781	41805458	29659923	21336135	15355140	10986368	8643481	6137372	4353650	3218706	2418276	1895178	1483784	1134907	829895	614549	457252	337650	236243	162892	107173	66979	36038	18617	7877	2615	750	119	6	0	0	0	0	0	0	0	0	0	0	0	0	0	0	0	
0	0	0	0	0	0	0	0	0	0	0	0	0	0	0	0	1	14	13	25	6	36	77	200	206	316	434	517	733	825	912	2573	5514	17145	45228	111486	235721	546875	1040133	2204541	5342232	10247900	18746940	33093911	57399211	91635015	111548907	139301885	126358550	99339723	96518517	95907689	125638120	143967144	184018920	250191160	359562205	439958335	590442871	747009941	1020265109	1768748475	2773462245	5082767792	9787631584	19757528328	38505381319	80030277350	153486503029	243780325831	393428950832	518755095995	605293777408	655911126323	607266191827	514778790770	318434457103	152073855003	59473983859	19648545010	6588050820	2154426009	579818423	132932077	38676787	20199111	13406930	8535472	5486775	3528560	2208227	1391824	923297	619923	422139	296415	225282	158829	107046	71745	48979	33031	19859	12543	7425	4112	1998	910	355	60	23	10	0	0	0	0	0	0	0	0	0	0	0	0	0	0	0	0	0	
0	0	0	0	0	0	0	0	0	0	0	0	0	0	0	0	13	17	16	4	27	48	116	161	209	399	643	770	785	918	1876	4243	9265	28190	62638	147943	295052	661026	1250437	3005843	6457015	11618147	23342249	41012326	68857554	95264985	114763682	138525858	120516981	102697130	115345559	127839643	153908462	192859526	230924164	320716465	417541369	541653816	674737483	863526351	1236734157	2012295649	3116919022	5176157417	10031723664	20301356024	39912313919	79792223696	156476676526	263668829998	437635194636	591384204493	675678434672	723292635975	622009939058	465299817153	243569228543	93525565315	32682784571	12285744037	4734428497	1476921217	355154882	62788077	13783196	6443617	4310813	2297952	1372407	708878	405864	207384	103664	57905	34869	22865	15266	9767	5836	3530	2211	1171	704	355	115	51	8	4	0	0	0	0	0	0	0	0	0	0	0	0	0	0	0	0	0	0	0	0	0	
0	0	0	0	0	0	0	0	0	0	0	0	0	0	1	3	4	11	3	13	21	79	188	175	282	580	703	630	655	1007	2861	5205	15697	38655	91507	189591	373974	808375	1647080	3985664	7351282	14329350	27223459	47791253	76343491	96374028	126282603	144442607	121584572	120414464	151980787	150480002	184124814	230029438	299080919	350447615	442863852	583852538	805467498	997426735	1282608826	2172263760	3299684465	4994602730	9151096645	18880619781	39494898293	77415054386	147023365688	260243632898	441739455544	594003084176	681688875596	696305641541	523944532143	327876902333	144465354730	49791250989	18803592327	8584686155	3592806624	1068708433	217478194	30348402	6675360	3225342	2107855	1253598	684601	355242	152877	56155	17624	4539	2068	1234	777	454	292	180	70	19	15	0	0	0	0	0	0	0	0	0	0	0	0	0	0	0	0	0	0	0	0	0	0	0	0	0	0	
0	0	0	0	0	0	0	0	0	0	0	0	0	0	4	2	6	5	9	26	60	239	212	159	387	462	412	474	991	1592	3904	9390	24189	58251	128910	280544	576855	1101939	2414258	4977856	9363444	17372221	31971242	49951008	75971116	111059723	131600885	147242755	134342642	138780065	171371366	171929757	216277027	259969904	334598311	347521157	401909318	585229332	820928603	964129727	1338602718	2038567958	3211263156	4854148814	8320604792	16669993572	33569279627	66683520852	129361107320	236437340932	385655751166	516306168390	588513431179	546156863891	352659416592	183346457274	71925782250	26286065835	12048333385	6218760133	2660213434	770342828	123312192	16046626	4211624	2427177	1557632	857910	535735	263652	113351	42176	10284	2209	390	150	56	53	31	6	3	3	0	0	0	0	0	0	0	0	0	0	0	0	0	0	0	0	0	0	0	0	0	0	0	0	0	0	0	
0	0	0	0	0	0	0	0	0	0	0	0	0	0	10	2	5	4	44	36	130	233	213	317	411	419	418	639	1481	3239	6349	14491	41295	89272	183729	419011	772114	1543987	3039380	5745057	10257128	19830034	35285576	59758601	81435061	115684850	130874260	150235522	145412959	172578406	162081323	185279815	223825805	257789821	320482339	342413865	396268276	547287419	720566597	884729811	1140047565	1718827253	2615961120	4119903073	6961917675	13016300219	25304531107	52528532363	97468089818	187023760412	288793574964	372975363125	405146098547	330866781952	192738560454	85563254225	34568732836	16106885317	8315163729	4512488312	1877225605	481853991	66120122	8322436	2744634	1766909	1232669	757493	486713	229119	90320	41227	11517	2586	441	13	3	5	0	0	0	0	0	0	0	0	0	0	0	0	0	0	0	0	0	0	0	0	0	0	0	0	0	0	0	0	0	0	0	
0	0	0	0	0	0	0	0	0	0	0	0	0	0	7	11	5	28	51	63	153	217	289	405	317	348	559	867	1535	4194	10270	25200	62523	120591	257741	580864	1016746	1921779	3669764	6312912	11795949	22451385	38489554	63421284	85039522	112612657	127907215	148226795	151383343	168893447	155602135	167442994	207135530	224660887	263381130	301552874	348217651	441161958	576177802	763037686	889518954	1237666966	1973280066	3155571250	5010906209	8999593560	17459373918	35670288255	66849699780	125755487604	182808421057	214913368401	217165376262	153694005669	83752834636	36946685165	17708340936	10311764270	6028098739	3397540271	1363404431	284388033	32585237	5140213	2327119	1463827	1092042	680569	412926	207081	80331	35800	10115	2703	555	7	0	0	0	0	0	0	0	0	0	0	0	0	0	0	0	0	0	0	0	0	0	0	0	0	0	0	0	0	0	0	0	0	0	
0	0	0	0	0	0	0	0	0	0	0	0	0	0	5	20	20	36	63	132	163	259	296	373	420	386	695	1131	2388	5939	16745	44879	92971	175869	335902	755666	1267791	2312194	4212835	6977034	12359793	22682849	42252739	65789923	85454287	115689298	124060431	138124577	133836334	132251771	131885255	142961079	168591599	172165118	198361023	230850607	254640625	314619984	406433697	537201375	600574903	822394992	1306295148	2037582777	3356957577	5945021154	11055427688	21509037337	39958915306	68831779252	90962993580	102396637135	93252751539	57634662552	32947006771	17293771728	9814192574	6825023345	4437710426	2534469658	1001133058	169252710	16551592	3855410	2128136	1447728	937086	543441	360490	188459	82668	28830	11162	1830	306	9	0	0	0	0	0	0	0	0	0	0	0	0	0	0	0	0	0	0	0	0	0	0	0	0	0	0	0	0	0	0	0	0	0	
0	0	0	0	0	0	0	0	0	0	0	0	1	2	5	21	14	39	115	169	186	295	332	266	399	591	999	1911	4872	9829	25555	56811	119632	249610	447820	850864	1385563	2445065	4425931	7546754	12811605	24222783	45784889	67052154	83051576	102281627	110570957	121835708	111762395	106499949	101304918	103763734	122566123	125424784	135054499	155938621	184410389	228742805	257636730	310897662	393431299	499957325	712546544	1207450388	2011008627	3295763227	6147674700	10951278076	19303883687	30314609258	37374220683	40165318033	33525453218	20708155240	13509531461	8630418708	5936213220	4241682704	3172185854	1812441702	641548400	93660221	9893157	3582090	1930765	1227042	784359	492800	315236	152486	63006	21234	8642	1281	118	0	0	0	0	0	0	0	0	0	0	0	0	0	0	0	0	0	0	0	0	0	0	0	0	0	0	0	0	0	0	0	0	0	0	
0	0	0	0	0	0	0	0	0	0	0	0	7	10	16	40	55	82	114	176	163	212	280	320	528	891	1980	4203	7966	17841	35362	80025	166600	310560	559914	986195	1560828	2410576	4042183	7429198	13056637	25891141	45113970	63571196	73614952	82994425	85256998	87917596	81920461	74286791	68157493	69917313	75655566	82549065	88249350	98056676	114004390	126293378	147775236	161903207	196258964	272399497	422093484	633649755	983156049	1741974351	3114307492	4992561739	7956506859	11934463236	13880725636	14355554366	11522933057	7814837592	6122956272	4701986319	3779846433	2920518099	2256608798	1254521468	394878414	47366924	6027562	2992467	1638555	1087835	630818	392980	239888	95079	34277	12423	4164	652	21	0	0	0	0	0	0	0	0	0	0	0	0	0	0	0	0	0	0	0	0	0	0	0	0	0	0	0	0	0	0	0	0	0	0	
0	0	0	0	0	0	0	0	0	0	0	0	3	10	39	37	66	110	135	129	244	338	362	307	699	1166	2640	6299	13492	25739	47660	105775	217711	393963	718694	1149332	1623962	2302567	3619078	6939627	13904805	26743214	40813000	53940803	56898241	61730018	56902657	58560017	54378780	42649813	40063845	43433542	42850710	46498266	50851382	57442471	58914114	58762033	71289734	82580615	107188426	135897469	214788126	341704463	524907096	967455335	1529314323	2290137773	3484931012	5084548559	5535476842	5315380055	4410431321	3425776642	3086498895	2735936017	2478620204	2048437145	1625036331	853009431	231562219	25440982	4647547	2478594	1222773	693328	430401	245669	121871	45977	17068	6915	1663	189	3	0	0	0	0	0	0	0	0	0	0	0	0	0	0	0	0	0	0	0	0	0	0	0	0	0	0	0	0	0	0	0	0	0	0	
0	0	0	0	0	0	0	0	0	0	0	6	2	10	25	24	84	88	133	128	283	475	372	505	1035	1474	4514	8841	22296	43458	74427	163303	272760	496962	773829	1166024	1610453	2221938	3040578	6148144	12766380	26209684	33682228	38757295	39711185	37320623	32680466	32049837	29908870	24647568	21928710	21234764	23462159	23716025	21697735	24984360	27581175	23860290	30959114	40491397	60364379	84629161	147032901	233286325	329131978	542422734	934060632	1327581659	1880384109	2701757277	2649884293	2627561079	2109626298	1820244204	1708698240	1710729813	1654100693	1458134337	1138219199	539412946	132320758	14257391	3002427	1480347	708751	417824	236500	118235	48468	16952	5360	2404	902	316	2	0	0	0	0	0	0	0	0	0	0	0	0	0	0	0	0	0	0	0	0	0	0	0	0	0	0	0	0	0	0	0	0	0	0	
0	0	0	0	0	0	0	0	0	0	2	9	14	30	21	37	103	123	235	165	337	639	463	707	1194	2681	5964	16314	35543	59411	191066	208796	333014	524635	704730	1090954	1567958	1982887	2664105	5274371	10135426	18192587	23342035	23011618	20803377	20567608	16561411	15033195	14737363	11696968	9764524	9783063	10502403	10984527	10850669	13063720	14169560	11273527	17636304	24810422	42030532	68324674	112953722	175088482	264600888	403332295	742500949	956201723	1331302133	1733579672	1578790563	1475547870	1284905337	1128545030	1093024460	1064489979	1101380396	993168066	750099634	317943713	71285900	8166975	1884910	776602	369011	188631	97780	44731	15058	5308	1650	688	513	183	5	0	0	0	0	0	0	0	0	0	0	0	0	0	0	0	0	0	0	0	0	0	0	0	0	0	0	0	0	0	0	0	0	0	0	
0	0	0	0	0	0	0	0	0	1	6	18	43	41	46	65	114	204	185	287	639	723	606	1471	2444	4245	11792	26414	45220	76897	163359	227534	390441	530058	684872	1000959	1174981	1392688	2099554	4109965	7351970	11028816	12407385	11243434	10413813	9524289	8296250	7147657	6287588	5250095	4542797	4797162	5132058	5600788	5620032	6546623	7787136	9387183	13281829	21232644	35708995	59349308	88943685	156327877	232815727	351457155	554400259	761686301	1097869545	1170832069	1047150570	1027351187	852707124	739434981	704570812	700908101	768830747	685293385	473576156	186469758	35397224	4015241	1111548	456684	182570	90978	40696	16408	6944	2540	804	229	247	104	0	0	0	0	0	0	0	0	0	0	0	0	0	0	0	0	0	0	0	0	0	0	0	0	0	0	0	0	0	0	0	0	0	0	0	
0	0	0	0	0	0	0	0	0	5	26	44	37	43	88	90	142	191	221	378	644	753	946	1930	3978	8411	21254	33903	59601	106952	169366	269766	378706	517168	650986	738827	739681	1021454	1504369	2590159	4217482	5800248	5426705	4757594	4632927	4531922	4052127	3674902	3100970	2343538	2559984	2640178	2685433	3048473	3050636	3037684	4855518	7409898	10934725	17622571	32307316	50744180	84072504	153204431	250418149	364405177	506036561	735414402	883323527	900329363	795459221	699045082	632318232	505905263	465382184	470946678	517609214	437303437	271783741	95566573	16950157	2457796	771224	310590	115722	52577	20112	7462	3807	1223	460	174	79	32	1	0	0	0	0	0	0	0	0	0	0	0	0	0	0	0	0	0	0	0	0	0	0	0	0	0	0	0	0	0	0	0	0	0	0	
0	0	0	0	0	0	0	0	1	12	45	59	59	77	86	157	200	175	319	377	739	956	1501	3211	6347	14736	26027	47533	79210	121074	177063	243796	325455	431610	484968	492399	519774	636188	947671	1472702	2211732	2787889	2433336	2315897	2137113	1873842	1708973	1932766	1392259	1379256	1538612	1471906	1523725	1617562	1846322	2009021	3403301	6438478	9259882	18198510	30516362	46019692	85654785	160171757	248780364	337425090	495631150	661201986	751988166	669954734	600709794	535260978	426515192	352456872	336717065	307232328	332828861	275129721	155526224	48536567	8834148	1866464	663060	291911	85490	33743	14128	4937	2481	977	338	102	23	8	0	0	0	0	0	0	0	0	0	0	0	0	0	0	0	0	0	0	0	0	0	0	0	0	0	0	0	0	0	0	0	0	0	0	0	
0	0	0	0	0	0	0	3	16	16	62	94	76	92	168	268	247	322	352	467	921	1665	2992	5291	11705	20638	29569	57177	93667	120400	170900	222154	259775	318791	324821	357226	325611	367445	576431	772805	1020492	1234454	1154671	1152269	1061937	851818	817794	852526	709006	925111	931655	788335	758765	1066171	1349443	1577482	2693195	5023393	9334037	17057867	29320321	47033694	83142816	151389414	219027690	307376949	448571836	559706009	575853896	518299095	459384771	376666975	303752484	247735080	224189317	203904837	205564690	163940962	81883652	23980443	5608411	1499222	603937	255245	67193	22506	9316	3050	1871	782	244	67	25	1	0	0	0	0	0	0	0	0	0	0	0	0	0	0	0	0	0	0	0	0	0	0	0	0	0	0	0	0	0	0	0	0	0	0	0	
0	0	0	0	0	0	0	1	34	41	95	95	80	133	218	327	369	365	593	782	1429	2729	4815	7793	16210	28657	40882	63075	99881	114870	153679	174675	193043	234682	208510	202143	173504	216265	337042	380695	469224	522127	496578	523521	526561	498777	541063	512472	455533	507943	525827	518687	514329	746522	990129	1433973	2798710	5335861	8756322	16526677	28747522	45065246	81180370	133998021	198671987	266499458	376080405	448930747	434972294	375500360	332356647	255806462	195506433	155276355	148973038	134913579	130020401	88735283	43241568	12845014	4051623	1344586	518747	200699	49225	15139	5719	2002	1178	417	55	83	2	0	0	0	0	0	0	0	0	0	0	0	0	0	0	0	0	0	0	0	0	0	0	0	0	0	0	0	0	0	0	0	0	0	0	0	0	
0	0	0	0	0	0	0	9	24	61	89	99	100	200	252	393	367	496	959	1708	2478	4684	8201	13376	23936	31118	54242	77527	97643	98498	134665	144088	141643	149080	141363	110137	84913	118483	149383	181103	201451	259869	278261	314337	347105	585828	581649	336080	290883	333745	340914	323345	376231	591130	879145	1414789	2463753	4963466	7889940	14906805	24608188	45755780	81227994	115114831	160506589	228940753	295290550	323932475	308104240	277206910	219256765	157647415	113316920	98408842	89937199	83975272	76577379	43839127	22045057	7198372	2989333	1130522	436047	133768	34194	9446	3140	1172	634	147	102	42	0	0	0	0	0	0	0	0	0	0	0	0	0	0	0	0	0	0	0	0	0	0	0	0	0	0	0	0	0	0	0	0	0	0	0	0	0	
0	0	0	0	0	0	1	8	26	67	116	101	114	275	370	416	629	668	1412	2722	3604	7267	12864	21494	30175	41814	60350	66054	82214	77926	104768	99287	91393	77163	76208	63688	59462	72330	80371	97352	149524	174270	172522	197916	194170	602046	247091	220210	217026	199760	225410	217926	289973	474135	860410	1270417	2384602	4413483	8316801	14088782	24651868	45815139	69261798	89930906	139992616	175185846	198787361	219618441	200704751	172279943	128888681	82257807	61766373	58404019	55168439	50856587	39800836	21140117	11120884	4298135	2022238	938521	319153	88251	22327	5596	1923	498	212	76	73	26	1	0	0	0	0	0	0	0	0	0	0	0	0	0	0	0	0	0	0	0	0	0	0	0	0	0	0	0	0	0	0	0	0	0	0	0	0	
0	0	0	0	0	0	6	13	55	117	108	150	193	398	421	490	794	1094	2095	2812	4933	9968	16782	26292	41932	55399	55805	61423	67365	64463	66158	55911	46950	44854	48692	49034	37316	35577	45539	75465	92102	107123	115871	134047	137263	161251	170791	154718	169501	176507	135994	198701	296680	463205	808261	1386455	2293742	4318776	8501266	13465008	19517638	39092542	55159729	69764834	107298115	120851195	143326869	136758165	117643274	95135896	64127813	41524694	34789986	34132302	31696277	26698821	18689434	9935863	5563347	2579389	1502161	652143	201275	51581	13215	2823	758	206	142	30	6	6	0	0	0	0	0	0	0	0	0	0	0	0	0	0	0	0	0	0	0	0	0	0	0	0	0	0	0	0	0	0	0	0	0	0	0	0	0	
0	0	0	0	0	0	18	33	70	95	109	204	258	383	502	611	1194	2129	2949	4668	8405	14463	20236	33097	44647	46054	40633	49758	49077	42301	46108	43879	29595	29417	33962	35917	20506	23537	38842	50128	60775	73228	75530	101879	101335	91899	107649	123254	119362	109122	134605	174833	211936	424967	796362	1365343	2499334	4309460	10280167	12042652	19571428	33070883	41580994	51139916	71243917	80517140	81418287	73286310	55004653	43091294	30569434	22859145	19262214	18599309	16981871	12436209	7416619	4005987	2881223	1567548	927360	415854	123766	31081	6729	1176	184	49	87	21	0	0	0	0	0	0	0	0	0	0	0	0	0	0	0	0	0	0	0	0	0	0	0	0	0	0	0	0	0	0	0	0	0	0	0	0	0	0	0	
0	0	0	0	0	3	20	31	70	133	166	266	310	463	652	1033	1720	2501	3697	7098	11439	16975	24675	32213	38421	37812	38740	39711	38733	34214	37033	28601	22281	20841	20772	18791	16959	19954	22780	34216	44155	53201	62343	64863	67479	68872	79937	90005	96886	93654	114407	178279	272494	493088	851474	1424818	2744741	3928964	7441557	10818655	16808693	26583662	30380661	37781411	44300327	43060386	39981087	32416845	22769624	17510249	14451303	11592296	10768492	9601835	8085887	5287570	3070657	1863573	1460367	941248	519692	243418	70681	14680	2665	407	73	11	59	19	0	0	0	0	0	0	0	0	0	0	0	0	0	0	0	0	0	0	0	0	0	0	0	0	0	0	0	0	0	0	0	0	0	0	0	0	0	0	0	
0	0	0	0	2	12	22	33	91	138	191	286	298	590	885	1541	2580	3230	6120	9916	14147	19345	22585	28188	29099	28183	28238	26792	27468	23505	21994	19221	19122	14268	14055	11895	11016	12705	16238	26566	32658	43582	52319	49680	51828	54574	70531	66919	80014	97758	125700	209088	297925	531928	872032	1698893	2593358	3742393	6322283	9634115	13755949	18038202	19869223	23350761	23718953	20404881	16731993	13017780	9129995	8084301	7189301	6748162	5750187	4613410	3614039	2076467	1166375	942362	876921	575838	313085	134855	38210	6753	804	144	20	15	9	2	0	0	0	0	0	0	0	0	0	0	0	0	0	0	0	0	0	0	0	0	0	0	0	0	0	0	0	0	0	0	0	0	0	0	0	0	0	0	0	
0	0	0	1	3	19	28	44	83	159	205	237	463	794	1466	2527	3405	5597	9886	13072	15855	19168	17571	18121	21584	18593	15500	17817	17414	15274	14194	12693	12112	9414	8149	7069	8430	12468	17237	19499	30244	45200	41748	37736	47217	46766	44580	44805	65650	106368	136171	203117	306708	552381	894992	1546659	2401042	3651655	5383394	7546051	9805224	12666016	11417561	12402610	11520504	8476146	6626548	5449615	4396239	4010090	3471246	3324674	2846928	1994322	1410846	834966	483334	469389	389180	309103	163124	71627	16874	2274	188	67	2	0	0	0	0	0	0	0	0	0	0	0	0	0	0	0	0	0	0	0	0	0	0	0	0	0	0	0	0	0	0	0	0	0	0	0	0	0	0	0	0	0	0	
0	0	4	16	6	9	27	39	64	151	273	385	845	1076	2528	3490	5214	7518	10642	13486	15571	14432	14490	15627	14652	10696	10083	12483	11074	9614	7596	6687	6593	5779	5242	6195	7164	9785	14856	18838	27205	36320	30406	33670	43990	38686	30718	47442	61523	88074	153154	224566	330948	541316	826691	1377673	2307086	3115569	4529618	5414920	7002054	6892247	6032665	5721791	4315959	3460069	2763492	2420400	2091671	2065393	1853895	1652143	1162063	780463	459138	313121	213946	210723	199789	168365	79329	30455	6073	504	20	0	0	0	0	0	0	0	0	0	0	0	0	0	0	0	0	0	0	0	0	0	0	0	0	0	0	0	0	0	0	0	0	0	0	0	0	0	0	0	0	0	0	0	0	
0	0	10	6	15	14	32	39	81	170	402	683	1321	1946	3454	4941	5728	7108	10738	14429	11894	11477	10491	11975	7566	6220	7175	7205	6804	4423	4208	4505	4190	4000	3590	4015	6179	8345	13463	18485	23538	27348	27617	28473	35876	27987	30970	45314	65124	102180	148942	236185	397906	555920	821363	1419969	1999127	2581912	3353384	3865923	4403340	3305260	2635552	2287369	1759015	1466890	1374842	1249008	1170630	1054390	794304	623187	432520	277226	145915	119012	117208	120900	105965	66781	31010	9267	1718	137	0	0	0	0	0	0	0	0	0	0	0	0	0	0	0	0	0	0	0	0	0	0	0	0	0	0	0	0	0	0	0	0	0	0	0	0	0	0	0	0	0	0	0	0	0	
0	0	1	1	22	18	17	28	117	266	572	990	1646	2753	3850	5353	6186	7278	10542	10090	8301	6301	7792	6344	4529	3356	3683	3268	2945	2666	2706	2316	2710	2384	2479	3168	5046	8044	12865	16428	21130	22288	23395	28486	29367	27521	29559	37719	54879	99726	157755	253245	409014	554762	830362	1244688	1598367	1971006	2224708	2324437	2022741	1477457	1099756	994048	909970	776714	787797	716223	577729	462567	285479	206279	149817	89752	49666	50439	65048	62107	40854	24448	10486	2542	294	46	0	0	0	0	0	0	0	0	0	0	0	0	0	0	0	0	0	0	0	0	0	0	0	0	0	0	0	0	0	0	0	0	0	0	0	0	0	0	0	0	0	0	0	0	0	
0	0	0	7	20	6	24	46	176	419	788	1334	1914	3385	5224	4986	5676	7014	6714	5008	4568	4291	4274	3556	2216	2129	1920	2045	1632	1355	1070	823	890	942	1698	2547	4614	9285	13651	15507	19659	22614	21712	24183	22502	27535	28618	35619	63576	111779	177127	241713	376867	531694	747886	975154	1222004	1232320	1249303	1032830	864372	583711	493264	503559	503679	415757	443867	325848	254623	194909	81090	56403	41364	31726	22118	24886	28514	24732	15309	8716	3190	566	35	3	0	0	0	0	0	0	0	0	0	0	0	0	0	0	0	0	0	0	0	0	0	0	0	0	0	0	0	0	0	0	0	0	0	0	0	0	0	0	0	0	0	0	0	0	0	
0	0	2	13	9	15	10	77	217	494	1022	1793	2946	3805	4448	4784	5076	5352	3928	2962	3306	2408	1690	1360	1499	986	798	657	719	599	396	255	358	595	1243	3343	5818	10759	10116	14624	19557	19783	18586	21958	21602	23337	24026	33049	64153	114696	162569	225582	361816	485091	636232	720182	772726	615670	526065	406017	379254	312231	313851	278891	242016	193020	196587	143104	104261	67526	28865	17100	12055	11538	12378	14800	14729	10345	5941	2454	710	112	8	0	0	0	0	0	0	0	0	0	0	0	0	0	0	0	0	0	0	0	0	0	0	0	0	0	0	0	0	0	0	0	0	0	0	0	0	0	0	0	0	0	0	0	0	0	0	
0	0	12	12	6	3	29	143	335	539	1273	2021	2816	3311	3677	3601	3887	2997	2262	2362	1463	1013	567	729	833	863	442	356	273	194	156	107	213	599	1471	2783	5167	7753	11028	15203	17580	18601	18740	20173	22332	23637	26467	40053	59889	103339	162810	209832	267383	376902	400144	353966	361394	246981	196844	184107	182259	173877	159310	134219	123131	87541	74186	51251	34326	18264	7357	5532	4514	7486	8310	8735	6331	3815	1644	606	91	7	0	0	0	0	0	0	0	0	0	0	0	0	0	0	0	0	0	0	0	0	0	0	0	0	0	0	0	0	0	0	0	0	0	0	0	0	0	0	0	0	0	0	0	0	0	0	0	
0	0	0	1	10	7	73	172	430	718	1396	1862	2351	2801	2777	2842	2182	1583	1063	847	446	516	457	664	523	429	169	113	134	82	52	61	221	717	1835	3282	6081	8276	13659	17047	14840	17507	18582	18086	19093	22428	28742	41996	55567	90229	123777	155433	185778	211156	170724	151696	136345	106670	87776	100246	100416	85917	67570	64146	53110	33724	22967	20112	10664	5893	2982	2639	3031	4298	5679	4395	2155	971	301	59	2	0	0	0	0	0	0	0	0	0	0	0	0	0	0	0	0	0	0	0	0	0	0	0	0	0	0	0	0	0	0	0	0	0	0	0	0	0	0	0	0	0	0	0	0	0	0	0	0	
0	0	0	1	12	28	151	342	658	804	1215	1368	1717	1539	1531	1511	985	937	586	439	264	415	535	309	281	116	51	40	12	9	24	95	324	1050	2506	4781	6832	9965	14247	15117	15534	16722	15151	18217	18628	20558	30912	38037	49555	75438	89739	99220	99073	88891	77968	68477	61476	51895	47402	50562	49636	41445	29502	24955	19202	10712	7579	4653	2797	1509	1176	1039	1595	2273	2485	1583	590	251	60	3	0	0	0	0	0	0	0	0	0	0	0	0	0	0	0	0	0	0	0	0	0	0	0	0	0	0	0	0	0	0	0	0	0	0	0	0	0	0	0	0	0	0	0	0	0	0	0	0	0	
0	0	0	1	25	68	224	466	642	754	1035	881	839	828	763	609	453	395	341	209	175	226	180	101	45	20	14	0	0	13	22	121	575	1367	3168	6188	7767	9412	12354	13588	14325	13454	15273	16668	19160	22234	26083	33618	36740	46127	51685	50752	50251	49193	39860	36453	33318	29278	26432	25321	23741	16990	12914	9479	5182	2886	1921	1064	748	372	434	439	826	934	700	474	215	50	3	0	0	0	0	0	0	0	0	0	0	0	0	0	0	0	0	0	0	0	0	0	0	0	0	0	0	0	0	0	0	0	0	0	0	0	0	0	0	0	0	0	0	0	0	0	0	0	0	0	0	
0	0	0	18	69	103	150	293	432	555	717	617	499	492	346	333	190	189	130	85	76	55	26	16	28	3	1	0	0	4	66	388	1014	1729	3394	6211	7594	10048	12208	13535	14277	14659	13683	16757	19477	21005	22951	23103	26015	28475	29955	28045	31062	26340	22866	21015	17723	15873	12326	10192	6869	5440	3916	2112	1141	497	244	435	272	153	206	200	196	181	66	67	64	1	0	0	0	0	0	0	0	0	0	0	0	0	0	0	0	0	0	0	0	0	0	0	0	0	0	0	0	0	0	0	0	0	0	0	0	0	0	0	0	0	0	0	0	0	0	0	0	0	0	0	0	
0	9	23	28	67	61	90	220	311	429	428	342	317	293	173	141	72	50	59	34	24	0	9	16	1	0	0	0	4	49	226	589	1096	2336	4045	5883	8777	10737	12393	12598	13761	11935	12938	17271	17203	17594	15817	17109	18848	19081	17297	17671	16602	16360	12272	9709	7132	7034	5596	3647	1731	1519	919	489	250	173	95	97	92	104	63	36	22	81	26	15	0	0	0	0	0	0	0	0	0	0	0	0	0	0	0	0	0	0	0	0	0	0	0	0	0	0	0	0	0	0	0	0	0	0	0	0	0	0	0	0	0	0	0	0	0	0	0	0	0	0	0	0	0	
1	6	9	17	20	45	106	162	219	214	202	147	155	138	55	15	2	6	19	11	2	2	0	2	0	0	0	4	31	135	319	673	1006	2457	4514	6218	8539	10969	11479	10010	9810	11381	13814	14504	14919	13203	13743	12946	14216	12546	11401	11036	10010	8446	5356	3445	2346	2010	1691	944	350	250	186	88	65	91	0	22	44	28	9	4	3	17	29	1	0	0	0	0	0	0	0	0	0	0	0	0	0	0	0	0	0	0	0	0	0	0	0	0	0	0	0	0	0	0	0	0	0	0	0	0	0	0	0	0	0	0	0	0	0	0	0	0	0	0	0	0	0	
2	5	10	5	12	29	73	104	84	80	76	73	66	30	4	1	0	0	0	0	0	0	0	0	0	0	0	10	63	140	362	849	1784	3624	5065	6685	8039	8927	8125	8933	8327	10355	11640	11243	11580	11189	10552	9959	9065	7134	6692	6876	5658	3268	1821	1085	447	370	366	116	74	28	45	26	42	7	0	12	7	3	3	0	0	3	0	0	0	0	0	0	0	0	0	0	0	0	0	0	0	0	0	0	0	0	0	0	0	0	0	0	0	0	0	0	0	0	0	0	0	0	0	0	0	0	0	0	0	0	0	0	0	0	0	0	0	0	0	0	0	
0	13	6	0	3	18	35	49	22	15	18	27	8	3	0	0	0	0	0	0	0	0	0	0	0	0	3	19	102	243	612	1073	2270	4090	5420	7147	7290	8299	7766	8325	8227	9214	9702	8507	9169	7706	7724	6853	5369	4040	3722	3383	1750	909	532	235	117	71	51	27	26	9	0	1	16	3	3	16	0	0	0	0	0	0	0	0	0	0	0	0	0	0	0	0	0	0	0	0	0	0	0	0	0	0	0	0	0	0	0	0	0	0	0	0	0	0	0	0	0	0	0	0	0	0	0	0	0	0	0	0	0	0	0	0	0	0	0	0	0	
0	0	0	4	7	13	4	5	8	3	0	4	0	0	0	0	0	0	0	0	0	0	0	0	0	0	6	31	131	330	798	1254	2737	4292	5647	5838	6602	6673	7411	7318	8023	7942	7332	5770	5815	5455	4674	3642	2696	2097	1586	989	651	313	105	83	20	6	10	1	6	0	0	0	0	0	5	2	0	0	0	0	0	0	0	0	0	0	0	0	0	0	0	0	0	0	0	0	0	0	0	0	0	0	0	0	0	0	0	0	0	0	0	0	0	0	0	0	0	0	0	0	0	0	0	0	0	0	0	0	0	0	0	0	0	0	0	0	0	
0	0	0	0	0	0	1	1	0	0	0	0	0	0	0	0	0	0	0	0	0	0	0	0	0	1	9	40	183	667	1028	1650	2607	4382	5807	5781	6462	6971	6448	5787	6131	4906	4150	3473	3585	2831	1897	1419	1293	759	416	351	244	69	28	25	8	0	0	0	0	0	0	0	0	6	6	0	0	0	0	0	0	0	0	0	0	0	0	0	0	0	0	0	0	0	0	0	0	0	0	0	0	0	0	0	0	0	0	0	0	0	0	0	0	0	0	0	0	0	0	0	0	0	0	0	0	0	0	0	0	0	0	0	0	0	0	0	0	
0	0	0	0	0	0	0	0	0	0	0	0	0	0	0	0	0	0	0	0	0	0	0	0	0	2	23	102	280	651	1281	1930	3119	4725	5102	4961	5503	5471	4430	3784	2879	2666	2263	1880	1566	1056	716	715	425	181	122	43	28	14	10	7	0	0	0	0	0	0	0	0	0	0	0	0	0	0	0	0	0	0	0	0	0	0	0	0	0	0	0	0	0	0	0	0	0	0	0	0	0	0	0	0	0	0	0	0	0	0	0	0	0	0	0	0	0	0	0	0	0	0	0	0	0	0	0	0	0	0	0	0	0	0	0	0	0	
0	0	0	0	0	0	0	0	0	0	0	0	0	0	0	0	0	0	0	0	0	0	0	0	2	16	30	135	271	640	1324	2158	3009	3968	4012	4201	4353	3614	2437	2237	1762	1469	1061	780	568	309	326	232	100	93	18	2	2	3	0	0	0	0	0	0	0	0	0	0	0	0	0	0	0	0	0	0	0	0	0	0	0	0	0	0	0	0	0	0	0	0	0	0	0	0	0	0	0	0	0	0	0	0	0	0	0	0	0	0	0	0	0	0	0	0	0	0	0	0	0	0	0	0	0	0	0	0	0	0	0	0	0	0	0	
0	0	0	0	0	0	0	0	0	0	0	0	0	0	0	0	0	0	0	0	0	0	0	0	1	9	40	124	327	650	1407	2103	3010	3510	3277	3104	2654	2012	1478	1284	678	498	301	239	130	142	100	37	29	14	9	6	1	0	0	0	0	0	0	0	0	0	0	0	0	0	0	0	0	0	0	0	0	0	0	0	0	0	0	0	0	0	0	0	0	0	0	0	0	0	0	0	0	0	0	0	0	0	0	0	0	0	0	0	0	0	0	0	0	0	0	0	0	0	0	0	0	0	0	0	0	0	0	0	0	0	0	0	0	
0	0	0	0	0	0	0	0	0	0	0	0	0	0	0	0	0	0	0	0	0	0	0	0	9	30	55	140	427	741	1362	1784	2154	2405	2243	1949	1611	1225	731	395	362	219	62	75	33	19	3	9	2	14	4	1	0	0	0	0	0	0	0	0	0	0	0	0	0	0	0	0	0	0	0	0	0	0	0	0	0	0	0	0	0	0	0	0	0	0	0	0	0	0	0	0	0	0	0	0	0	0	0	0	0	0	0	0	0	0	0	0	0	0	0	0	0	0	0	0	0	0	0	0	0	0	0	0	0	0	0	0	0	
0	0	0	0	0	0	0	0	0	0	0	0	0	0	0	0	0	0	0	0	0	0	0	7	27	32	61	214	413	763	1245	1309	1334	1305	1312	983	778	494	219	144	86	58	17	36	14	3	11	9	2	6	0	0	0	0	0	0	0	0	0	0	0	0	0	0	0	0	0	0	0	0	0	0	0	0	0	0	0	0	0	0	0	0	0	0	0	0	0	0	0	0	0	0	0	0	0	0	0	0	0	0	0	0	0	0	0	0	0	0	0	0	0	0	0	0	0	0	0	0	0	0	0	0	0	0	0	0	0	0	0	
0	0	0	0	0	0	0	0	0	0	0	0	0	0	0	0	0	0	0	0	0	0	6	8	31	39	58	200	321	562	877	743	774	794	668	522	285	95	43	11	15	2	4	2	2	3	0	0	0	0	0	0	0	0	0	0	0	0	0	0	0	0	0	0	0	0	0	0	0	0	0	0	0	0	0	0	0	0	0	0	0	0	0	0	0	0	0	0	0	0	0	0	0	0	0	0	0	0	0	0	0	0	0	0	0	0	0	0	0	0	0	0	0	0	0	0	0	0	0	0	0	0	0	0	0	0	0	0	0	
0	0	0	0	0	0	0	0	0	0	0	0	0	0	0	0	0	0	0	0	0	1	14	17	22	21	47	109	253	458	421	351	381	348	306	199	65	1	0	0	0	0	0	0	0	0	0	0	0	0	0	0	0	0	0	0	0	0	0	0	0	0	0	0	0	0	0	0	0	0	0	0	0	0	0	0	0	0	0	0	0	0	0	0	0	0	0	0	0	0	0	0	0	0	0	0	0	0	0	0	0	0	0	0	0	0	0	0	0	0	0	0	0	0	0	0	0	0	0	0	0	0	0	0	0	0	0	0	0	
0	0	0	0	0	0	0	0	0	0	0	0	0	0	0	0	0	0	0	0	0	0	2	3	2	10	24	76	143	149	164	146	102	104	48	28	1	0	0	0	0	0	0	0	0	0	0	0	0	0	0	0	0	0	0	0	0	0	0	0	0	0	0	0	0	0	0	0	0	0	0	0	0	0	0	0	0	0	0	0	0	0	0	0	0	0	0	0	0	0	0	0	0	0	0	0	0	0	0	0	0	0	0	0	0	0	0	0	0	0	0	0	0	0	0	0	0	0	0	0	0	0	0	0	0	0	0	0	0	
0	0	0	0	0	0	0	0	0	0	0	0	0	0	0	0	0	0	0	0	0	0	0	0	1	0	33	41	61	57	59	26	7	11	2	0	0	0	0	0	0	0	0	0	0	0	0	0	0	0	0	0	0	0	0	0	0	0	0	0	0	0	0	0	0	0	0	0	0	0	0	0	0	0	0	0	0	0	0	0	0	0	0	0	0	0	0	0	0	0	0	0	0	0	0	0	0	0	0	0	0	0	0	0	0	0	0	0	0	0	0	0	0	0	0	0	0	0	0	0	0	0	0	0	0	0	0	0	0	
0	0	0	0	0	0	0	0	0	0	0	0	0	0	0	0	0	0	0	0	0	0	0	0	1	4	25	28	9	6	5	7	3	1	0	0	0	0	0	0	0	0	0	0	0	0	0	0	0	0	0	0	0	0	0	0	0	0	0	0	0	0	0	0	0	0	0	0	0	0	0	0	0	0	0	0	0	0	0	0	0	0	0	0	0	0	0	0	0	0	0	0	0	0	0	0	0	0	0	0	0	0	0	0	0	0	0	0	0	0	0	0	0	0	0	0	0	0	0	0	0	0	0	0	0	0	0	0	0	
0	0	0	0	0	0	0	0	0	0	0	0	0	0	0	0	0	0	0	0	0	0	0	0	0	7	5	0	0	0	0	1	0	0	0	0	0	0	0	0	0	0	0	0	0	0	0	0	0	0	0	0	0	0	0	0	0	0	0	0	0	0	0	0	0	0	0	0	0	0	0	0	0	0	0	0	0	0	0	0	0	0	0	0	0	0	0	0	0	0	0	0	0	0	0	0	0	0	0	0	0	0	0	0	0	0	0	0	0	0	0	0	0	0	0	0	0	0	0	0	0	0	0	0	0	0	0	0	0	
0	0	0	0	0	0	0	0	0	0	0	0	0	0	0	0	0	0	0	0	0	0	0	0	0	2	0	0	0	0	0	0	0	0	0	0	0	0	0	0	0	0	0	0	0	0	0	0	0	0	0	0	0	0	0	0	0	0	0	0	0	0	0	0	0	0	0	0	0	0	0	0	0	0	0	0	0	0	0	0	0	0	0	0	0	0	0	0	0	0	0	0	0	0	0	0	0	0	0	0	0	0	0	0	0	0	0	0	0	0	0	0	0	0	0	0	0	0	0	0	0	0	0	0	0	0	0	0	0	
0	0	0	0	0	0	0	0	0	0	0	0	0	0	0	0	0	0	0	0	0	0	0	0	0	0	0	0	0	0	0	0	0	0	0	0	0	0	0	0	0	0	0	0	0	0	0	0	0	0	0	0	0	0	0	0	0	0	0	0	0	0	0	0	0	0	0	0	0	0	0	0	0	0	0	0	0	0	0	0	0	0	0	0	0	0	0	0	0	0	0	0	0	0	0	0	0	0	0	0	0	0	0	0	0	0	0	0	0	0	0	0	0	0	0	0	0	0	0	0	0	0	0	0	0	0	0	0	0	
